# This file was generated by Animated Java via MC-Build. It is not recommended to edit this file directly.
$data merge entity $(bone_legs) {transformation: [-1f,0f,0f,0f,0f,0.9537f,0.3007f,1.3125f,0f,0.3007f,-0.9537f,0f,0f,0f,0f,1f],start_interpolation: 0,interpolation_duration: 1}
$data merge entity $(bone_backbling) {transformation: [-0.9239f,0.3827f,0f,0f,0.3823f,0.923f,0.0436f,2.7052f,0.0167f,0.0403f,-0.999f,-0.3744f,0f,0f,0f,1f],start_interpolation: 0,interpolation_duration: 1}
$data merge entity $(bone_top) {transformation: [-1f,0f,0f,0f,0f,0.999f,0.0436f,2.1242f,0f,0.0436f,-0.999f,0.0382f,0f,0f,0f,1f],start_interpolation: 0,interpolation_duration: 1}
$data merge entity $(bone_body) {transformation: [-1f,0f,0f,0f,0f,0.999f,0.0436f,1.25f,0f,0.0436f,-0.999f,0f,0f,0f,0f,1f],start_interpolation: 0,interpolation_duration: 1}
$data merge entity $(bone_right1) {transformation: [-0.9848f,0.1656f,-0.0522f,-0.5f,0.1378f,0.5621f,-0.8155f,2.375f,-0.1057f,-0.8103f,-0.5764f,0.0312f,0f,0f,0f,1f],start_interpolation: 0,interpolation_duration: 1}
$data merge entity $(bone_left1) {transformation: [-0.9962f,-0.0858f,-0.0151f,0.5f,-0.0872f,0.9811f,0.173f,2.375f,0f,0.1736f,-0.9848f,0.0313f,0f,0f,0f,1f],start_interpolation: 0,interpolation_duration: 1}
$data merge entity $(bone_left2) {transformation: [-0.9765f,-0.1992f,-0.0825f,0.5f,-0.2123f,0.9551f,0.2068f,2.5f,0.0376f,0.2194f,-0.9749f,-0.2187f,0f,0f,0f,1f],start_interpolation: 0,interpolation_duration: 1}
$data merge entity $(bone_right2) {transformation: [-0.9962f,0.0858f,-0.0151f,-0.5f,0.0872f,0.9811f,-0.173f,2.5f,0f,-0.1736f,-0.9848f,-0.2188f,0f,0f,0f,1f],start_interpolation: 0,interpolation_duration: 1}
$data merge entity $(bone_head) {transformation: [-1f,0f,0f,0f,0f,0.9763f,0.2164f,2.625f,0f,0.2164f,-0.9763f,0.1875f,0f,0f,0f,1f],start_interpolation: 0,interpolation_duration: 1}
$data merge entity $(bone_spinny_part) {transformation: [-0.342f,0f,0.9397f,-0.6563f,0.7925f,0.5373f,0.2885f,2.2425f,-0.5049f,0.8434f,-0.1838f,1.9191f,0f,0f,0f,1f],start_interpolation: 0,interpolation_duration: 1}
$data merge entity $(bone_staff) {transformation: [0f,0f,1.7292f,-0.6562f,1.4584f,0.9291f,0f,1f,-0.9291f,1.4584f,0f,-0.0313f,0f,0f,0f,1f],start_interpolation: 0,interpolation_duration: 1}
data modify entity @s data merge value {"cameras":{"camera":{"posx":-6.945443224186658e-17,"posy":2.604853645218207,"posz":0.5671384785411064,"roty":0,"rotx":12.5}},"locators":{}}