# This file was generated by Animated Java via MC-Build. It is not recommended to edit this file directly.
$data merge entity $(bone_legs) {transformation: [-1f,0f,0f,0f,0f,0.9455f,0.3256f,1.3125f,0f,0.3256f,-0.9455f,0f,0f,0f,0f,1f],start_interpolation: 0,interpolation_duration: 1}
$data merge entity $(bone_backbling) {transformation: [-0.9625f,0.2714f,0f,0f,0.2713f,0.962f,0.0305f,2.7002f,0.0083f,0.0294f,-0.9995f,-0.3934f,0f,0f,0f,1f],start_interpolation: 0,interpolation_duration: 1}
$data merge entity $(bone_top) {transformation: [-1f,0f,0f,0f,0f,0.9995f,0.0305f,2.1246f,0f,0.0305f,-0.9995f,0.0267f,0f,0f,0f,1f],start_interpolation: 0,interpolation_duration: 1}
$data merge entity $(bone_body) {transformation: [-1f,0f,0f,0f,0f,0.9995f,0.0305f,1.25f,0f,0.0305f,-0.9995f,0f,0f,0f,0f,1f],start_interpolation: 0,interpolation_duration: 1}
$data merge entity $(bone_right1) {transformation: [-0.9848f,0.1697f,-0.0368f,-0.5f,0.1378f,0.6343f,-0.7607f,2.375f,-0.1057f,-0.7542f,-0.6481f,0.0312f,0f,0f,0f,1f],start_interpolation: 0,interpolation_duration: 1}
$data merge entity $(bone_left1) {transformation: [-0.9981f,-0.0606f,-0.0074f,0.5f,-0.061f,0.9907f,0.1216f,2.375f,0f,0.1219f,-0.9925f,0.0313f,0f,0f,0f,1f],start_interpolation: 0,interpolation_duration: 1}
$data merge entity $(bone_left2) {transformation: [-0.9884f,-0.1435f,-0.0488f,0.5f,-0.1493f,0.9775f,0.1487f,2.5f,0.0263f,0.1543f,-0.9877f,-0.2187f,0f,0f,0f,1f],start_interpolation: 0,interpolation_duration: 1}
$data merge entity $(bone_right2) {transformation: [-0.9981f,0.0606f,-0.0074f,-0.5f,0.061f,0.9907f,-0.1216f,2.5f,0f,-0.1219f,-0.9925f,-0.2188f,0f,0f,0f,1f],start_interpolation: 0,interpolation_duration: 1}
$data merge entity $(bone_head) {transformation: [-1f,0f,0f,0f,0f,0.9884f,0.1521f,2.625f,0f,0.1521f,-0.9884f,0.1688f,0f,0f,0f,1f],start_interpolation: 0,interpolation_duration: 1}
$data merge entity $(bone_spinny_part) {transformation: [-0.2419f,0f,0.9703f,-0.6563f,0.8507f,0.481f,0.2121f,2.0935f,-0.4667f,0.8767f,-0.1164f,1.8649f,0f,0f,0f,1f],start_interpolation: 0,interpolation_duration: 1}
$data merge entity $(bone_staff) {transformation: [0f,0f,1.7292f,-0.6562f,1.516f,0.8317f,0f,0.9813f,-0.8317f,1.516f,0f,-0.1625f,0f,0f,0f,1f],start_interpolation: 0,interpolation_duration: 1}
data modify entity @s data merge value {"cameras":{"camera":{"posx":-6.722003960524693e-17,"posy":2.6297263245830163,"posz":0.54889327806228,"roty":0,"rotx":8.75}},"locators":{}}