# This file was generated by Animated Java via MC-Build. It is not recommended to edit this file directly.
$data merge entity $(bone_legs) {transformation: [-1f,0f,0f,0f,0f,0.9426f,0.3338f,1.3125f,0f,0.3338f,-0.9426f,0f,0f,0f,0f,1f],start_interpolation: 0,interpolation_duration: 1}
$data merge entity $(bone_backbling) {transformation: [-0.9724f,0.2334f,0f,0f,0.2334f,0.972f,0.0262f,2.6985f,0.0061f,0.0255f,-0.9997f,-0.3997f,0f,0f,0f,1f],start_interpolation: 0,interpolation_duration: 1}
$data merge entity $(bone_top) {transformation: [-1f,0f,0f,0f,0f,0.9997f,0.0262f,2.1247f,0f,0.0262f,-0.9997f,0.0229f,0f,0f,0f,1f],start_interpolation: 0,interpolation_duration: 1}
$data merge entity $(bone_body) {transformation: [-1f,0f,0f,0f,0f,0.9997f,0.0262f,1.25f,0f,0.0262f,-0.9997f,0f,0f,0f,0f,1f],start_interpolation: 0,interpolation_duration: 1}
$data merge entity $(bone_right1) {transformation: [-0.9848f,0.1707f,-0.0316f,-0.5f,0.1378f,0.6573f,-0.7409f,2.375f,-0.1057f,-0.7341f,-0.6708f,0.0312f,0f,0f,0f,1f],start_interpolation: 0,interpolation_duration: 1}
$data merge entity $(bone_left1) {transformation: [-0.9986f,-0.052f,-0.0055f,0.5f,-0.0523f,0.9932f,0.1044f,2.375f,0f,0.1045f,-0.9945f,0.0313f,0f,0f,0f,1f],start_interpolation: 0,interpolation_duration: 1}
$data merge entity $(bone_left2) {transformation: [-0.9915f,-0.124f,-0.0391f,0.5f,-0.1281f,0.9834f,0.1285f,2.5f,0.0226f,0.1324f,-0.9909f,-0.2187f,0f,0f,0f,1f],start_interpolation: 0,interpolation_duration: 1}
$data merge entity $(bone_right2) {transformation: [-0.9986f,0.052f,-0.0055f,-0.5f,0.0523f,0.9932f,-0.1044f,2.5f,0f,-0.1045f,-0.9945f,-0.2188f,0f,0f,0f,1f],start_interpolation: 0,interpolation_duration: 1}
$data merge entity $(bone_head) {transformation: [-1f,0f,0f,0f,0f,0.9914f,0.1305f,2.625f,0f,0.1305f,-0.9914f,0.1625f,0f,0f,0f,1f],start_interpolation: 0,interpolation_duration: 1}
$data merge entity $(bone_spinny_part) {transformation: [-0.2079f,0f,0.9781f,-0.6563f,0.8676f,0.4617f,0.1844f,2.0428f,-0.4517f,0.887f,-0.096f,1.845f,0f,0f,0f,1f],start_interpolation: 0,interpolation_duration: 1}
$data merge entity $(bone_staff) {transformation: [0f,0f,1.7292f,-0.6562f,1.5338f,0.7984f,0f,0.975f,-0.7984f,1.5338f,0f,-0.2063f,0f,0f,0f,1f],start_interpolation: 0,interpolation_duration: 1}
data modify entity @s data merge value {"cameras":{"camera":{"posx":-6.643093010853416e-17,"posy":2.638017981753344,"posz":0.5424497100289322,"roty":0,"rotx":7.500000000000001}},"locators":{}}