# This file was generated by Animated Java via MC-Build. It is not recommended to edit this file directly.
$data merge entity $(bone_legs) {transformation: [-1f,0f,0f,0f,0f,0.9397f,0.342f,1.3125f,0f,0.342f,-0.9397f,0f,0f,0f,0f,1f],start_interpolation: 0,interpolation_duration: 1}
$data merge entity $(bone_backbling) {transformation: [-0.9808f,0.1951f,0f,0f,0.195f,0.9806f,0.0218f,2.6967f,0.0043f,0.0214f,-0.9998f,-0.406f,0f,0f,0f,1f],start_interpolation: 0,interpolation_duration: 1}
$data merge entity $(bone_top) {transformation: [-1f,0f,0f,0f,0f,0.9998f,0.0218f,2.1248f,0f,0.0218f,-0.9998f,0.0191f,0f,0f,0f,1f],start_interpolation: 0,interpolation_duration: 1}
$data merge entity $(bone_body) {transformation: [-1f,0f,0f,0f,0f,0.9998f,0.0218f,1.25f,0f,0.0218f,-0.9998f,0f,0f,0f,0f,1f],start_interpolation: 0,interpolation_duration: 1}
$data merge entity $(bone_right1) {transformation: [-0.9848f,0.1716f,-0.0264f,-0.5f,0.1378f,0.6796f,-0.7205f,2.375f,-0.1057f,-0.7132f,-0.6929f,0.0312f,0f,0f,0f,1f],start_interpolation: 0,interpolation_duration: 1}
$data merge entity $(bone_left1) {transformation: [-0.999f,-0.0435f,-0.0038f,0.5f,-0.0436f,0.9952f,0.0871f,2.375f,0f,0.0872f,-0.9962f,0.0313f,0f,0f,0f,1f],start_interpolation: 0,interpolation_duration: 1}
$data merge entity $(bone_left2) {transformation: [-0.9941f,-0.1041f,-0.0304f,0.5f,-0.1068f,0.9884f,0.1078f,2.5f,0.0188f,0.1104f,-0.9937f,-0.2187f,0f,0f,0f,1f],start_interpolation: 0,interpolation_duration: 1}
$data merge entity $(bone_right2) {transformation: [-0.999f,0.0435f,-0.0038f,-0.5f,0.0436f,0.9952f,-0.0871f,2.5f,0f,-0.0872f,-0.9962f,-0.2188f,0f,0f,0f,1f],start_interpolation: 0,interpolation_duration: 1}
$data merge entity $(bone_head) {transformation: [-1f,0f,0f,0f,0f,0.9941f,0.1089f,2.625f,0f,0.1089f,-0.9941f,0.1563f,0f,0f,0f,1f],start_interpolation: 0,interpolation_duration: 1}
$data merge entity $(bone_spinny_part) {transformation: [-0.1736f,0f,0.9848f,-0.6562f,0.8832f,0.4423f,0.1557f,1.9915f,-0.4356f,0.8969f,-0.0768f,1.824f,0f,0f,0f,1f],start_interpolation: 0,interpolation_duration: 1}
$data merge entity $(bone_staff) {transformation: [0f,0f,1.7292f,-0.6562f,1.5508f,0.7648f,0f,0.9688f,-0.7648f,1.5508f,0f,-0.25f,0f,0f,0f,1f],start_interpolation: 0,interpolation_duration: 1}
data modify entity @s data merge value {"cameras":{"camera":{"posx":-6.561967465216019e-17,"posy":2.6463034430694083,"posz":0.5358253065116176,"roty":0,"rotx":6.25}},"locators":{}}