# This file was generated by Animated Java via MC-Build. It is not recommended to edit this file directly.
$data merge entity $(bone_legs) {transformation: [-1f,0f,0f,0f,0f,0.9367f,0.3502f,1.3125f,0f,0.3502f,-0.9367f,0f,0f,0f,0f,1f],start_interpolation: 0,interpolation_duration: 1}
$data merge entity $(bone_backbling) {transformation: [-0.9877f,0.1564f,0f,0f,0.1564f,0.9875f,0.0175f,2.6949f,0.0027f,0.0172f,-0.9998f,-0.4123f,0f,0f,0f,1f],start_interpolation: 0,interpolation_duration: 1}
$data merge entity $(bone_top) {transformation: [-1f,0f,0f,0f,0f,0.9998f,0.0175f,2.1249f,0f,0.0175f,-0.9998f,0.0153f,0f,0f,0f,1f],start_interpolation: 0,interpolation_duration: 1}
$data merge entity $(bone_body) {transformation: [-1f,0f,0f,0f,0f,0.9998f,0.0175f,1.25f,0f,0.0175f,-0.9998f,0f,0f,0f,0f,1f],start_interpolation: 0,interpolation_duration: 1}
$data merge entity $(bone_right1) {transformation: [-0.9848f,0.1724f,-0.0212f,-0.5f,0.1378f,0.7013f,-0.6994f,2.375f,-0.1057f,-0.6917f,-0.7144f,0.0312f,0f,0f,0f,1f],start_interpolation: 0,interpolation_duration: 1}
$data merge entity $(bone_left1) {transformation: [-0.9994f,-0.0348f,-0.0024f,0.5f,-0.0349f,0.997f,0.0697f,2.375f,0f,0.0698f,-0.9976f,0.0313f,0f,0f,0f,1f],start_interpolation: 0,interpolation_duration: 1}
$data merge entity $(bone_left2) {transformation: [-0.9962f,-0.0839f,-0.0225f,0.5f,-0.0855f,0.9925f,0.0868f,2.5f,0.015f,0.0884f,-0.996f,-0.2187f,0f,0f,0f,1f],start_interpolation: 0,interpolation_duration: 1}
$data merge entity $(bone_right2) {transformation: [-0.9994f,0.0348f,-0.0024f,-0.5f,0.0349f,0.997f,-0.0697f,2.5f,0f,-0.0698f,-0.9976f,-0.2188f,0f,0f,0f,1f],start_interpolation: 0,interpolation_duration: 1}
$data merge entity $(bone_head) {transformation: [-1f,0f,0f,0f,0f,0.9962f,0.0872f,2.625f,0f,0.0872f,-0.9962f,0.15f,0f,0f,0f,1f],start_interpolation: 0,interpolation_duration: 1}
$data merge entity $(bone_spinny_part) {transformation: [-0.1392f,0f,0.9903f,-0.6562f,0.8975f,0.4226f,0.1261f,1.9398f,-0.4185f,0.9063f,-0.0588f,1.8021f,0f,0f,0f,1f],start_interpolation: 0,interpolation_duration: 1}
$data merge entity $(bone_staff) {transformation: [0f,0f,1.7292f,-0.6562f,1.5672f,0.7308f,0f,0.9625f,-0.7308f,1.5672f,0f,-0.2938f,0f,0f,0f,1f],start_interpolation: 0,interpolation_duration: 1}
data modify entity @s data merge value {"cameras":{"camera":{"posx":-6.478629505881624e-17,"posy":2.6545787651003625,"posz":0.5290202457061333,"roty":0,"rotx":5}},"locators":{}}