# This file was generated by Animated Java via MC-Build. It is not recommended to edit this file directly.
$data merge entity $(bone_legs) {transformation: [-1f,0f,0f,0f,0f,0.9304f,0.3665f,1.3125f,0f,0.3665f,-0.9304f,0f,0f,0f,0f,1f],start_interpolation: 0,interpolation_duration: 1}
$data merge entity $(bone_backbling) {transformation: [-0.9969f,0.0785f,0f,0f,0.0785f,0.9969f,0.0087f,2.6913f,0.0007f,0.0087f,-1f,-0.4249f,0f,0f,0f,1f],start_interpolation: 0,interpolation_duration: 1}
$data merge entity $(bone_top) {transformation: [-1f,0f,0f,0f,0f,1f,0.0087f,2.125f,0f,0.0087f,-1f,0.0076f,0f,0f,0f,1f],start_interpolation: 0,interpolation_duration: 1}
$data merge entity $(bone_body) {transformation: [-1f,0f,0f,0f,0f,1f,0.0087f,1.25f,0f,0.0087f,-1f,0f,0f,0f,0f,1f],start_interpolation: 0,interpolation_duration: 1}
$data merge entity $(bone_right1) {transformation: [-0.9848f,0.1733f,-0.0106f,-0.5f,0.1378f,0.7427f,-0.6553f,2.375f,-0.1057f,-0.6468f,-0.7553f,0.0312f,0f,0f,0f,1f],start_interpolation: 0,interpolation_duration: 1}
$data merge entity $(bone_left1) {transformation: [-0.9998f,-0.0174f,-0.0006f,0.5f,-0.0175f,0.9992f,0.0349f,2.375f,0f,0.0349f,-0.9994f,0.0313f,0f,0f,0f,1f],start_interpolation: 0,interpolation_duration: 1}
$data merge entity $(bone_left2) {transformation: [-0.9991f,-0.0424f,-0.0094f,0.5f,-0.0428f,0.9981f,0.0439f,2.5f,0.0075f,0.0443f,-0.999f,-0.2187f,0f,0f,0f,1f],start_interpolation: 0,interpolation_duration: 1}
$data merge entity $(bone_right2) {transformation: [-0.9998f,0.0174f,-0.0006f,-0.5f,0.0175f,0.9992f,-0.0349f,2.5f,0f,-0.0349f,-0.9994f,-0.2188f,0f,0f,0f,1f],start_interpolation: 0,interpolation_duration: 1}
$data merge entity $(bone_head) {transformation: [-1f,0f,0f,0f,0f,0.999f,0.0436f,2.625f,0f,0.0436f,-0.999f,0.1375f,0f,0f,0f,1f],start_interpolation: 0,interpolation_duration: 1}
$data merge entity $(bone_spinny_part) {transformation: [-0.0698f,0f,0.9976f,-0.6562f,0.9216f,0.3827f,0.0644f,1.835f,-0.3818f,0.9239f,-0.0267f,1.7552f,0f,0f,0f,1f],start_interpolation: 0,interpolation_duration: 1}
$data merge entity $(bone_staff) {transformation: [0f,0f,1.7292f,-0.6562f,1.5975f,0.6617f,0f,0.95f,-0.6617f,1.5975f,0f,-0.3813f,0f,0f,0f,1f],start_interpolation: 0,interpolation_duration: 1}
data modify entity @s data merge value {"cameras":{"camera":{"posx":-6.305330338603984e-17,"posy":2.671083243586865,"posz":0.5148692948035302,"roty":0,"rotx":2.5}},"locators":{}}