# This file was generated by Animated Java via MC-Build. It is not recommended to edit this file directly.
$data merge entity $(bone_legs) {transformation: [-1f,0f,0f,0f,0f,0.9272f,0.3746f,1.3125f,0f,0.3746f,-0.9272f,0f,0f,0f,0f,1f],start_interpolation: 0,interpolation_duration: 1}
$data merge entity $(bone_backbling) {transformation: [-0.9994f,-0.0349f,0f,0f,-0.0349f,0.9994f,0.0044f,2.6894f,-0.0002f,0.0044f,-1f,-0.4312f,0f,0f,0f,1f],start_interpolation: 0,interpolation_duration: 1}
$data merge entity $(bone_top) {transformation: [-1f,0f,0f,0f,0f,1f,0.0044f,2.125f,0f,0.0044f,-1f,0.0038f,0f,0f,0f,1f],start_interpolation: 0,interpolation_duration: 1}
$data merge entity $(bone_body) {transformation: [-1f,0f,0f,0f,0f,1f,0.0044f,1.25f,0f,0.0044f,-1f,0f,0f,0f,0f,1f],start_interpolation: 0,interpolation_duration: 1}
$data merge entity $(bone_right1) {transformation: [-0.9848f,0.1736f,0.0038f,-0.5f,0.1378f,0.7944f,-0.5916f,2.375f,-0.1057f,-0.5821f,-0.8062f,0.0312f,0f,0f,0f,1f],start_interpolation: 0,interpolation_duration: 1}
$data merge entity $(bone_left1) {transformation: [-1f,-0.0087f,0.0002f,0.5f,-0.0087f,0.9996f,-0.0262f,2.375f,0f,-0.0262f,-0.9997f,0.0313f,0f,0f,0f,1f],start_interpolation: 0,interpolation_duration: 1}
$data merge entity $(bone_left2) {transformation: [-0.9998f,-0.0215f,-0.0033f,0.5f,-0.0214f,0.9995f,-0.0216f,2.5f,0.0038f,-0.0215f,-0.9998f,-0.2187f,0f,0f,0f,1f],start_interpolation: 0,interpolation_duration: 1}
$data merge entity $(bone_right2) {transformation: [-1f,0.0087f,0.0002f,-0.5f,0.0087f,0.9998f,0.0175f,2.5f,0f,0.0175f,-0.9998f,-0.2188f,0f,0f,0f,1f],start_interpolation: 0,interpolation_duration: 1}
$data merge entity $(bone_head) {transformation: [-1f,0f,0f,0f,0f,0.9998f,0.0218f,2.625f,0f,0.0218f,-0.9998f,0.1313f,0f,0f,0f,1f],start_interpolation: 0,interpolation_duration: 1}
$data merge entity $(bone_spinny_part) {transformation: [0.0349f,0f,0.9994f,-0.6562f,0.9464f,0.3214f,-0.033f,1.6996f,-0.3212f,0.9469f,0.0112f,1.6898f,0f,0f,0f,1f],start_interpolation: 0,interpolation_duration: 1}
$data merge entity $(bone_staff) {transformation: [0f,0f,1.7292f,-0.6562f,1.6374f,0.5558f,0f,0.9563f,-0.5558f,1.6374f,0f,-0.5f,0f,0f,0f,1f],start_interpolation: 0,interpolation_duration: 1}
data modify entity @s data merge value {"cameras":{"camera":{"posx":-6.215378753484791e-17,"posy":2.679304544804534,"posz":0.507524190469626,"roty":0,"rotx":1.250000000000001}},"locators":{}}