# This file was generated by Animated Java via MC-Build. It is not recommended to edit this file directly.
$data merge entity $(bone_legs) {transformation: [-1f,0f,0f,0f,0f,0.9304f,0.3665f,1.3125f,0f,0.3665f,-0.9304f,0f,0f,0f,0f,1f],start_interpolation: 0,interpolation_duration: 1}
$data merge entity $(bone_backbling) {transformation: [-0.9976f,-0.0698f,0f,0f,-0.0698f,0.9975f,0.0087f,2.6913f,-0.0006f,0.0087f,-1f,-0.4249f,0f,0f,0f,1f],start_interpolation: 0,interpolation_duration: 1}
$data merge entity $(bone_top) {transformation: [-1f,0f,0f,0f,0f,1f,0.0087f,2.125f,0f,0.0087f,-1f,0.0076f,0f,0f,0f,1f],start_interpolation: 0,interpolation_duration: 1}
$data merge entity $(bone_body) {transformation: [-1f,0f,0f,0f,0f,1f,0.0087f,1.25f,0f,0.0087f,-1f,0f,0f,0f,0f,1f],start_interpolation: 0,interpolation_duration: 1}
$data merge entity $(bone_right1) {transformation: [-0.9848f,0.1735f,0.0076f,-0.5f,0.1378f,0.8071f,-0.5741f,2.375f,-0.1057f,-0.5643f,-0.8187f,0.0312f,0f,0f,0f,1f],start_interpolation: 0,interpolation_duration: 1}
$data merge entity $(bone_left1) {transformation: [-0.9998f,-0.0174f,0.0009f,0.5f,-0.0175f,0.9985f,-0.0523f,2.375f,0f,-0.0523f,-0.9986f,0.0313f,0f,0f,0f,1f],start_interpolation: 0,interpolation_duration: 1}
$data merge entity $(bone_left2) {transformation: [-0.9991f,-0.0431f,-0.0057f,0.5f,-0.0428f,0.9981f,-0.0433f,2.5f,0.0075f,-0.043f,-0.999f,-0.2187f,0f,0f,0f,1f],start_interpolation: 0,interpolation_duration: 1}
$data merge entity $(bone_right2) {transformation: [-0.9998f,0.0174f,0.0006f,-0.5f,0.0175f,0.9992f,0.0349f,2.5f,0f,0.0349f,-0.9994f,-0.2188f,0f,0f,0f,1f],start_interpolation: 0,interpolation_duration: 1}
$data merge entity $(bone_head) {transformation: [-1f,0f,0f,0f,0f,0.999f,0.0436f,2.625f,0f,0.0436f,-0.999f,0.1375f,0f,0f,0f,1f],start_interpolation: 0,interpolation_duration: 1}
$data merge entity $(bone_spinny_part) {transformation: [0.0698f,0f,0.9976f,-0.6562f,0.9514f,0.3007f,-0.0665f,1.6704f,-0.3f,0.9537f,0.021f,1.6742f,0f,0f,0f,1f],start_interpolation: 0,interpolation_duration: 1}
$data merge entity $(bone_staff) {transformation: [0f,0f,1.7292f,-0.6562f,1.6491f,0.52f,0f,0.975f,-0.52f,1.6491f,0f,-0.5313f,0f,0f,0f,1f],start_interpolation: 0,interpolation_duration: 1}
data modify entity @s data merge value {"cameras":{"camera":{"posx":-6.305330338603984e-17,"posy":2.671083243586865,"posz":0.5148692948035302,"roty":0,"rotx":2.500000000000002}},"locators":{}}