# This file was generated by Animated Java via MC-Build. It is not recommended to edit this file directly.
$data merge entity $(bone_legs) {transformation: [-1f,0f,0f,0f,0f,0.9397f,0.342f,1.3125f,0f,0.342f,-0.9397f,0f,0f,0f,0f,1f],start_interpolation: 0,interpolation_duration: 1}
$data merge entity $(bone_backbling) {transformation: [-0.9848f,-0.1736f,0f,0f,-0.1736f,0.9846f,0.0218f,2.6967f,-0.0038f,0.0215f,-0.9998f,-0.406f,0f,0f,0f,1f],start_interpolation: 0,interpolation_duration: 1}
$data merge entity $(bone_top) {transformation: [-1f,0f,0f,0f,0f,0.9998f,0.0218f,2.1248f,0f,0.0218f,-0.9998f,0.0191f,0f,0f,0f,1f],start_interpolation: 0,interpolation_duration: 1}
$data merge entity $(bone_body) {transformation: [-1f,0f,0f,0f,0f,0.9998f,0.0218f,1.25f,0f,0.0218f,-0.9998f,0f,0f,0f,0f,1f],start_interpolation: 0,interpolation_duration: 1}
$data merge entity $(bone_right1) {transformation: [-0.9848f,0.1726f,0.0189f,-0.5f,0.1378f,0.8429f,-0.5201f,2.375f,-0.1057f,-0.5096f,-0.8539f,0.0312f,0f,0f,0f,1f],start_interpolation: 0,interpolation_duration: 1}
$data merge entity $(bone_left1) {transformation: [-0.999f,-0.0432f,0.0057f,0.5f,-0.0436f,0.9905f,-0.1304f,2.375f,0f,-0.1305f,-0.9914f,0.0313f,0f,0f,0f,1f],start_interpolation: 0,interpolation_duration: 1}
$data merge entity $(bone_left2) {transformation: [-0.9941f,-0.1082f,-0.0071f,0.5f,-0.1068f,0.9883f,-0.1087f,2.5f,0.0188f,-0.1073f,-0.9941f,-0.2187f,0f,0f,0f,1f],start_interpolation: 0,interpolation_duration: 1}
$data merge entity $(bone_right2) {transformation: [-0.999f,0.0435f,0.0038f,-0.5f,0.0436f,0.9952f,0.0871f,2.5f,0f,0.0872f,-0.9962f,-0.2188f,0f,0f,0f,1f],start_interpolation: 0,interpolation_duration: 1}
$data merge entity $(bone_head) {transformation: [-1f,0f,0f,0f,0f,0.9941f,0.1089f,2.625f,0f,0.1089f,-0.9941f,0.1563f,0f,0f,0f,1f],start_interpolation: 0,interpolation_duration: 1}
$data merge entity $(bone_spinny_part) {transformation: [0.1736f,0f,0.9848f,-0.6562f,0.9566f,0.2377f,-0.1687f,1.5809f,-0.2341f,0.9713f,0.0413f,1.6212f,0f,0f,0f,1f],start_interpolation: 0,interpolation_duration: 1}
$data merge entity $(bone_staff) {transformation: [0f,0f,1.7292f,-0.6562f,1.6796f,0.411f,0f,1.0313f,-0.411f,1.6796f,0f,-0.625f,0f,0f,0f,1f],start_interpolation: 0,interpolation_duration: 1}
data modify entity @s data merge value {"cameras":{"camera":{"posx":-6.561967465216019e-17,"posy":2.6463034430694083,"posz":0.5358253065116176,"roty":0,"rotx":6.25}},"locators":{}}