# This file was generated by Animated Java via MC-Build. It is not recommended to edit this file directly.
$data merge entity $(bone_legs) {transformation: [-1f,0f,0f,0f,0f,0.9426f,0.3338f,1.3125f,0f,0.3338f,-0.9426f,0f,0f,0f,0f,1f],start_interpolation: 0,interpolation_duration: 1}
$data merge entity $(bone_backbling) {transformation: [-0.9781f,-0.2079f,0f,0f,-0.2078f,0.9778f,0.0262f,2.6985f,-0.0054f,0.0256f,-0.9997f,-0.3997f,0f,0f,0f,1f],start_interpolation: 0,interpolation_duration: 1}
$data merge entity $(bone_top) {transformation: [-1f,0f,0f,0f,0f,0.9997f,0.0262f,2.1247f,0f,0.0262f,-0.9997f,0.0229f,0f,0f,0f,1f],start_interpolation: 0,interpolation_duration: 1}
$data merge entity $(bone_body) {transformation: [-1f,0f,0f,0f,0f,0.9997f,0.0262f,1.25f,0f,0.0262f,-0.9997f,0f,0f,0f,0f,1f],start_interpolation: 0,interpolation_duration: 1}
$data merge entity $(bone_right1) {transformation: [-0.9848f,0.1722f,0.0227f,-0.5f,0.1378f,0.8541f,-0.5016f,2.375f,-0.1057f,-0.4908f,-0.8648f,0.0312f,0f,0f,0f,1f],start_interpolation: 0,interpolation_duration: 1}
$data merge entity $(bone_left1) {transformation: [-0.9986f,-0.0517f,0.0082f,0.5f,-0.0523f,0.9863f,-0.1562f,2.375f,0f,-0.1564f,-0.9877f,0.0313f,0f,0f,0f,1f],start_interpolation: 0,interpolation_duration: 1}
$data merge entity $(bone_left2) {transformation: [-0.9915f,-0.1299f,-0.0057f,0.5f,-0.1281f,0.9832f,-0.1304f,2.5f,0.0226f,-0.1286f,-0.9914f,-0.2187f,0f,0f,0f,1f],start_interpolation: 0,interpolation_duration: 1}
$data merge entity $(bone_right2) {transformation: [-0.9986f,0.052f,0.0055f,-0.5f,0.0523f,0.9932f,0.1044f,2.5f,0f,0.1045f,-0.9945f,-0.2188f,0f,0f,0f,1f],start_interpolation: 0,interpolation_duration: 1}
$data merge entity $(bone_head) {transformation: [-1f,0f,0f,0f,0f,0.9914f,0.1305f,2.625f,0f,0.1305f,-0.9914f,0.1625f,0f,0f,0f,1f],start_interpolation: 0,interpolation_duration: 1}
$data merge entity $(bone_spinny_part) {transformation: [0.2079f,0f,0.9781f,-0.6562f,0.955f,0.2164f,-0.203f,1.5505f,-0.2117f,0.9763f,0.045f,1.6014f,0f,0f,0f,1f],start_interpolation: 0,interpolation_duration: 1}
$data merge entity $(bone_staff) {transformation: [0f,0f,1.7292f,-0.6562f,1.6882f,0.3743f,0f,1.05f,-0.3743f,1.6882f,0f,-0.6563f,0f,0f,0f,1f],start_interpolation: 0,interpolation_duration: 1}
data modify entity @s data merge value {"cameras":{"camera":{"posx":-6.643093010853416e-17,"posy":2.638017981753344,"posz":0.5424497100289322,"roty":0,"rotx":7.500000000000001}},"locators":{}}