# This file was generated by Animated Java via MC-Build. It is not recommended to edit this file directly.
$data merge entity $(bone_legs) {transformation: [-1f,0f,0f,0f,0f,0.9483f,0.3173f,1.3125f,0f,0.3173f,-0.9483f,0f,0f,0f,0f,1f],start_interpolation: 0,interpolation_duration: 1}
$data merge entity $(bone_backbling) {transformation: [-0.9613f,-0.2756f,0f,0f,-0.2755f,0.9607f,0.0349f,2.7019f,-0.0096f,0.0335f,-0.9994f,-0.3871f,0f,0f,0f,1f],start_interpolation: 0,interpolation_duration: 1}
$data merge entity $(bone_top) {transformation: [-1f,0f,0f,0f,0f,0.9994f,0.0349f,2.1245f,0f,0.0349f,-0.9994f,0.0305f,0f,0f,0f,1f],start_interpolation: 0,interpolation_duration: 1}
$data merge entity $(bone_body) {transformation: [-1f,0f,0f,0f,0f,0.9994f,0.0349f,1.25f,0f,0.0349f,-0.9994f,0f,0f,0f,0f,1f],start_interpolation: 0,interpolation_duration: 1}
$data merge entity $(bone_right1) {transformation: [-0.9848f,0.171f,0.0302f,-0.5f,0.1378f,0.8751f,-0.4638f,2.375f,-0.1057f,-0.4526f,-0.8854f,0.0312f,0f,0f,0f,1f],start_interpolation: 0,interpolation_duration: 1}
$data merge entity $(bone_left1) {transformation: [-0.9976f,-0.0682f,0.0145f,0.5f,-0.0698f,0.9758f,-0.2074f,2.375f,0f,-0.2079f,-0.9781f,0.0313f,0f,0f,0f,1f],start_interpolation: 0,interpolation_duration: 1}
$data merge entity $(bone_left2) {transformation: [-0.9849f,-0.173f,0f,0.5f,-0.1704f,0.97f,-0.1737f,2.5f,0.0301f,-0.171f,-0.9848f,-0.2187f,0f,0f,0f,1f],start_interpolation: 0,interpolation_duration: 1}
$data merge entity $(bone_right2) {transformation: [-0.9976f,0.0691f,0.0097f,-0.5f,0.0698f,0.9879f,0.1388f,2.5f,0f,0.1392f,-0.9903f,-0.2188f,0f,0f,0f,1f],start_interpolation: 0,interpolation_duration: 1}
$data merge entity $(bone_head) {transformation: [-1f,0f,0f,0f,0f,0.9848f,0.1736f,2.625f,0f,0.1736f,-0.9848f,0.175f,0f,0f,0f,1f],start_interpolation: 0,interpolation_duration: 1}
$data merge entity $(bone_spinny_part) {transformation: [0.2756f,0f,0.9613f,-0.6562f,0.9467f,0.1736f,-0.2714f,1.4891f,-0.1669f,0.9848f,0.0479f,1.5586f,0f,0f,0f,1f],start_interpolation: 0,interpolation_duration: 1}
$data merge entity $(bone_staff) {transformation: [0f,0f,1.7292f,-0.6562f,1.7029f,0.3003f,0f,1.0875f,-0.3003f,1.7029f,0f,-0.7188f,0f,0f,0f,1f],start_interpolation: 0,interpolation_duration: 1}
data modify entity @s data merge value {"cameras":{"camera":{"posx":-6.798699185988469e-17,"posy":2.621432417938164,"posz":0.5551559184837611,"roty":0,"rotx":10}},"locators":{}}