# This file was generated by Animated Java via MC-Build. It is not recommended to edit this file directly.
$data merge entity $(bone_legs) {transformation: [-1f,0f,0f,0f,0f,0.9511f,0.309f,1.3125f,0f,0.309f,-0.9511f,0f,0f,0f,0f,1f],start_interpolation: 0,interpolation_duration: 1}
$data merge entity $(bone_backbling) {transformation: [-0.9511f,-0.309f,0f,0f,-0.3088f,0.9503f,0.0393f,2.7036f,-0.0121f,0.0373f,-0.9992f,-0.3807f,0f,0f,0f,1f],start_interpolation: 0,interpolation_duration: 1}
$data merge entity $(bone_top) {transformation: [-1f,0f,0f,0f,0f,0.9992f,0.0393f,2.1243f,0f,0.0393f,-0.9992f,0.0344f,0f,0f,0f,1f],start_interpolation: 0,interpolation_duration: 1}
$data merge entity $(bone_body) {transformation: [-1f,0f,0f,0f,0f,0.9992f,0.0393f,1.25f,0f,0.0393f,-0.9992f,0f,0f,0f,0f,1f],start_interpolation: 0,interpolation_duration: 1}
$data merge entity $(bone_right1) {transformation: [-0.9848f,0.1703f,0.0339f,-0.5f,0.1378f,0.8851f,-0.4446f,2.375f,-0.1057f,-0.4332f,-0.8951f,0.0312f,0f,0f,0f,1f],start_interpolation: 0,interpolation_duration: 1}
$data merge entity $(bone_left1) {transformation: [-0.9969f,-0.0763f,0.0183f,0.5f,-0.0785f,0.9694f,-0.2327f,2.375f,0f,-0.2334f,-0.9724f,0.0313f,0f,0f,0f,1f],start_interpolation: 0,interpolation_duration: 1}
$data merge entity $(bone_left2) {transformation: [-0.9809f,-0.1943f,0.0042f,0.5f,-0.1914f,0.9619f,-0.1951f,2.5f,0.0338f,-0.1921f,-0.9808f,-0.2187f,0f,0f,0f,1f],start_interpolation: 0,interpolation_duration: 1}
$data merge entity $(bone_right2) {transformation: [-0.9969f,0.0775f,0.0123f,-0.5f,0.0785f,0.9846f,0.156f,2.5f,0f,0.1564f,-0.9877f,-0.2188f,0f,0f,0f,1f],start_interpolation: 0,interpolation_duration: 1}
$data merge entity $(bone_head) {transformation: [-1f,0f,0f,0f,0f,0.9808f,0.1951f,2.625f,0f,0.1951f,-0.9808f,0.1813f,0f,0f,0f,1f],start_interpolation: 0,interpolation_duration: 1}
$data merge entity $(bone_spinny_part) {transformation: [0.309f,0f,0.9511f,-0.6562f,0.94f,0.1521f,-0.3054f,1.458f,-0.1447f,0.9884f,0.047f,1.5356f,0f,0f,0f,1f],start_interpolation: 0,interpolation_duration: 1}
$data merge entity $(bone_staff) {transformation: [0f,0f,1.7292f,-0.6562f,1.709f,0.263f,0f,1.1063f,-0.263f,1.709f,0f,-0.75f,0f,0f,0f,1f],start_interpolation: 0,interpolation_duration: 1}
data modify entity @s data merge value {"cameras":{"camera":{"posx":-6.873178613568085e-17,"posy":2.613140209269154,"posz":0.5612376252772194,"roty":0,"rotx":11.249999999999998}},"locators":{}}