# This file was generated by Animated Java via MC-Build. It is not recommended to edit this file directly.
$data merge entity $(bone_legs) {transformation: [-1f,0f,0f,0f,0f,0.9537f,0.3007f,1.3125f,0f,0.3007f,-0.9537f,0f,0f,0f,0f,1f],start_interpolation: 0,interpolation_duration: 1}
$data merge entity $(bone_backbling) {transformation: [-0.9397f,-0.342f,0f,0f,-0.3417f,0.9388f,0.0436f,2.7052f,-0.0149f,0.041f,-0.999f,-0.3744f,0f,0f,0f,1f],start_interpolation: 0,interpolation_duration: 1}
$data merge entity $(bone_top) {transformation: [-1f,0f,0f,0f,0f,0.999f,0.0436f,2.1242f,0f,0.0436f,-0.999f,0.0382f,0f,0f,0f,1f],start_interpolation: 0,interpolation_duration: 1}
$data merge entity $(bone_body) {transformation: [-1f,0f,0f,0f,0f,0.999f,0.0436f,1.25f,0f,0.0436f,-0.999f,0f,0f,0f,0f,1f],start_interpolation: 0,interpolation_duration: 1}
$data merge entity $(bone_right1) {transformation: [-0.9848f,0.1695f,0.0376f,-0.5f,0.1378f,0.8945f,-0.4252f,2.375f,-0.1057f,-0.4136f,-0.9043f,0.0312f,0f,0f,0f,1f],start_interpolation: 0,interpolation_duration: 1}
$data merge entity $(bone_left1) {transformation: [-0.9962f,-0.0842f,0.0226f,0.5f,-0.0872f,0.9623f,-0.2578f,2.375f,0f,-0.2588f,-0.9659f,0.0313f,0f,0f,0f,1f],start_interpolation: 0,interpolation_duration: 1}
$data merge entity $(bone_left2) {transformation: [-0.9765f,-0.2154f,0.0094f,0.5f,-0.2123f,0.953f,-0.2162f,2.5f,0.0376f,-0.2132f,-0.9763f,-0.2187f,0f,0f,0f,1f],start_interpolation: 0,interpolation_duration: 1}
$data merge entity $(bone_right2) {transformation: [-0.9962f,0.0858f,0.0151f,-0.5f,0.0872f,0.9811f,0.173f,2.5f,0f,0.1736f,-0.9848f,-0.2188f,0f,0f,0f,1f],start_interpolation: 0,interpolation_duration: 1}
$data merge entity $(bone_head) {transformation: [-1f,0f,0f,0f,0f,0.9763f,0.2164f,2.625f,0f,0.2164f,-0.9763f,0.1875f,0f,0f,0f,1f],start_interpolation: 0,interpolation_duration: 1}
$data merge entity $(bone_spinny_part) {transformation: [0.342f,0f,0.9397f,-0.6562f,0.9317f,0.1305f,-0.3391f,1.4268f,-0.1227f,0.9914f,0.0446f,1.5115f,0f,0f,0f,1f],start_interpolation: 0,interpolation_duration: 1}
$data merge entity $(bone_staff) {transformation: [0f,0f,1.7292f,-0.6562f,1.7144f,0.2257f,0f,1.125f,-0.2257f,1.7144f,0f,-0.7813f,0f,0f,0f,1f],start_interpolation: 0,interpolation_duration: 1}
data modify entity @s data merge value {"cameras":{"camera":{"posx":-6.945443224186658e-17,"posy":2.604853645218207,"posz":0.5671384785411064,"roty":0,"rotx":12.5}},"locators":{}}