# This file was generated by Animated Java via MC-Build. It is not recommended to edit this file directly.
$data merge entity $(bone_legs) {transformation: [-1f,0f,0f,0f,0f,0.9455f,0.3256f,1.3125f,0f,0.3256f,-0.9455f,0f,0f,0f,0f,1f],start_interpolation: 0,interpolation_duration: 1}
$data merge entity $(bone_backbling) {transformation: [-0.9703f,-0.2419f,0f,0f,-0.2418f,0.9698f,0.0305f,2.7002f,-0.0074f,0.0296f,-0.9995f,-0.3934f,0f,0f,0f,1f],start_interpolation: 0,interpolation_duration: 1}
$data merge entity $(bone_top) {transformation: [-1f,0f,0f,0f,0f,0.9995f,0.0305f,2.1246f,0f,0.0305f,-0.9995f,0.0267f,0f,0f,0f,1f],start_interpolation: 0,interpolation_duration: 1}
$data merge entity $(bone_body) {transformation: [-1f,0f,0f,0f,0f,0.9995f,0.0305f,1.25f,0f,0.0305f,-0.9995f,0f,0f,0f,0f,1f],start_interpolation: 0,interpolation_duration: 1}
$data merge entity $(bone_right1) {transformation: [-0.9848f,0.1716f,0.0264f,-0.5f,0.1378f,0.8648f,-0.4828f,2.375f,-0.1057f,-0.4718f,-0.8753f,0.0312f,0f,0f,0f,1f],start_interpolation: 0,interpolation_duration: 1}
$data merge entity $(bone_left1) {transformation: [-0.9981f,-0.06f,0.0111f,0.5f,-0.061f,0.9814f,-0.1819f,2.375f,0f,-0.1822f,-0.9833f,0.0313f,0f,0f,0f,1f],start_interpolation: 0,interpolation_duration: 1}
$data merge entity $(bone_left2) {transformation: [-0.9884f,-0.1515f,-0.0033f,0.5f,-0.1493f,0.977f,-0.1521f,2.5f,0.0263f,-0.1498f,-0.9884f,-0.2187f,0f,0f,0f,1f],start_interpolation: 0,interpolation_duration: 1}
$data merge entity $(bone_right2) {transformation: [-0.9981f,0.0606f,0.0074f,-0.5f,0.061f,0.9907f,0.1216f,2.5f,0f,0.1219f,-0.9925f,-0.2188f,0f,0f,0f,1f],start_interpolation: 0,interpolation_duration: 1}
$data merge entity $(bone_head) {transformation: [-1f,0f,0f,0f,0f,0.9884f,0.1521f,2.625f,0f,0.1521f,-0.9884f,0.1688f,0f,0f,0f,1f],start_interpolation: 0,interpolation_duration: 1}
$data merge entity $(bone_spinny_part) {transformation: [0.2419f,0f,0.9703f,-0.6562f,0.9517f,0.1951f,-0.2373f,1.5199f,-0.1893f,0.9808f,0.0472f,1.5806f,0f,0f,0f,1f],start_interpolation: 0,interpolation_duration: 1}
$data merge entity $(bone_staff) {transformation: [0f,0f,1.7292f,-0.6562f,1.6959f,0.3373f,0f,1.0688f,-0.3373f,1.6959f,0f,-0.6875f,0f,0f,0f,1f],start_interpolation: 0,interpolation_duration: 1}
data modify entity @s data merge value {"cameras":{"camera":{"posx":-6.722003960524693e-17,"posy":2.6297263245830163,"posz":0.54889327806228,"roty":0,"rotx":8.750000000000002}},"locators":{}}