# This file was generated by Animated Java via MC-Build. It is not recommended to edit this file directly.
$data merge entity $(bone_legs) {transformation: [-1f,0f,0f,0f,0f,0.9336f,0.3584f,1.3125f,0f,0.3584f,-0.9336f,0f,0f,0f,0f,1f],start_interpolation: 0,interpolation_duration: 1}
$data merge entity $(bone_backbling) {transformation: [-0.9945f,-0.1045f,0f,0f,-0.1045f,0.9944f,0.0131f,2.6931f,-0.0014f,0.013f,-0.9999f,-0.4186f,0f,0f,0f,1f],start_interpolation: 0,interpolation_duration: 1}
$data merge entity $(bone_top) {transformation: [-1f,0f,0f,0f,0f,0.9999f,0.0131f,2.1249f,0f,0.0131f,-0.9999f,0.0115f,0f,0f,0f,1f],start_interpolation: 0,interpolation_duration: 1}
$data merge entity $(bone_body) {transformation: [-1f,0f,0f,0f,0f,0.9999f,0.0131f,1.25f,0f,0.0131f,-0.9999f,0f,0f,0f,0f,1f],start_interpolation: 0,interpolation_duration: 1}
$data merge entity $(bone_right1) {transformation: [-0.9848f,0.1733f,0.0114f,-0.5f,0.1378f,0.8194f,-0.5564f,2.375f,-0.1057f,-0.5463f,-0.8309f,0.0312f,0f,0f,0f,1f],start_interpolation: 0,interpolation_duration: 1}
$data merge entity $(bone_left1) {transformation: [-0.9997f,-0.0261f,0.0021f,0.5f,-0.0262f,0.9966f,-0.0784f,2.375f,0f,-0.0785f,-0.9969f,0.0313f,0f,0f,0f,1f],start_interpolation: 0,interpolation_duration: 1}
$data merge entity $(bone_left2) {transformation: [-0.9979f,-0.0648f,-0.0071f,0.5f,-0.0642f,0.9958f,-0.065f,2.5f,0.0113f,-0.0644f,-0.9979f,-0.2187f,0f,0f,0f,1f],start_interpolation: 0,interpolation_duration: 1}
$data merge entity $(bone_right2) {transformation: [-0.9997f,0.0261f,0.0014f,-0.5f,0.0262f,0.9983f,0.0523f,2.5f,0f,0.0523f,-0.9986f,-0.2188f,0f,0f,0f,1f],start_interpolation: 0,interpolation_duration: 1}
$data merge entity $(bone_head) {transformation: [-1f,0f,0f,0f,0f,0.9979f,0.0654f,2.625f,0f,0.0654f,-0.9979f,0.1438f,0f,0f,0f,1f],start_interpolation: 0,interpolation_duration: 1}
$data merge entity $(bone_spinny_part) {transformation: [0.1045f,0f,0.9945f,-0.6562f,0.9548f,0.2798f,-0.1004f,1.6409f,-0.2783f,0.96f,0.0293f,1.6576f,0f,0f,0f,1f],start_interpolation: 0,interpolation_duration: 1}
$data merge entity $(bone_staff) {transformation: [0f,0f,1.7292f,-0.6562f,1.6601f,0.4839f,0f,0.9938f,-0.4839f,1.6601f,0f,-0.5625f,0f,0f,0f,1f],start_interpolation: 0,interpolation_duration: 1}
data modify entity @s data merge value {"cameras":{"camera":{"posx":-6.393082368108443e-17,"posy":2.662840009241109,"posz":0.5220347917913601,"roty":0,"rotx":3.749999999999999}},"locators":{}}