# This file was generated by Animated Java via MC-Build. It is not recommended to edit this file directly.
$data merge entity $(bone_legs) {transformation: [-1f,0f,0f,0f,0f,0.9511f,0.309f,1.3125f,0f,0.309f,-0.9511f,0f,0f,0f,0f,1f],start_interpolation: 0,interpolation_duration: 1}
$data merge entity $(bone_backbling) {transformation: [-0.9382f,0.3461f,0f,0f,0.3459f,0.9375f,0.0393f,2.7036f,0.0136f,0.0368f,-0.9992f,-0.3807f,0f,0f,0f,1f],start_interpolation: 0,interpolation_duration: 1}
$data merge entity $(bone_top) {transformation: [-1f,0f,0f,0f,0f,0.9992f,0.0393f,2.1243f,0f,0.0393f,-0.9992f,0.0344f,0f,0f,0f,1f],start_interpolation: 0,interpolation_duration: 1}
$data merge entity $(bone_body) {transformation: [-1f,0f,0f,0f,0f,0.9992f,0.0393f,1.25f,0f,0.0393f,-0.9992f,0f,0f,0f,0f,1f],start_interpolation: 0,interpolation_duration: 1}
$data merge entity $(bone_right1) {transformation: [-0.9848f,0.1671f,-0.0471f,-0.5f,0.1378f,0.5867f,-0.798f,2.375f,-0.1057f,-0.7924f,-0.6008f,0.0312f,0f,0f,0f,1f],start_interpolation: 0,interpolation_duration: 1}
$data merge entity $(bone_left1) {transformation: [-0.9969f,-0.0775f,-0.0123f,0.5f,-0.0785f,0.9846f,0.156f,2.375f,0f,0.1564f,-0.9877f,0.0313f,0f,0f,0f,1f],start_interpolation: 0,interpolation_duration: 1}
$data merge entity $(bone_left2) {transformation: [-0.9809f,-0.1811f,-0.0704f,0.5f,-0.1914f,0.9634f,0.1879f,2.5f,0.0338f,0.1978f,-0.9797f,-0.2187f,0f,0f,0f,1f],start_interpolation: 0,interpolation_duration: 1}
$data merge entity $(bone_right2) {transformation: [-0.9969f,0.0775f,-0.0123f,-0.5f,0.0785f,0.9846f,-0.156f,2.5f,0f,-0.1564f,-0.9877f,-0.2188f,0f,0f,0f,1f],start_interpolation: 0,interpolation_duration: 1}
$data merge entity $(bone_head) {transformation: [-1f,0f,0f,0f,0f,0.9808f,0.1951f,2.625f,0f,0.1951f,-0.9808f,0.1813f,0f,0f,0f,1f],start_interpolation: 0,interpolation_duration: 1}
$data merge entity $(bone_spinny_part) {transformation: [-0.309f,0f,0.9511f,-0.6563f,0.8131f,0.5188f,0.2642f,2.1934f,-0.4934f,0.8549f,-0.1603f,1.902f,0f,0f,0f,1f],start_interpolation: 0,interpolation_duration: 1}
$data merge entity $(bone_staff) {transformation: [0f,0f,1.7292f,-0.6562f,1.4783f,0.897f,0f,0.9938f,-0.897f,1.4783f,0f,-0.075f,0f,0f,0f,1f],start_interpolation: 0,interpolation_duration: 1}
data modify entity @s data merge value {"cameras":{"camera":{"posx":-6.873178613568085e-17,"posy":2.6131402092691536,"posz":0.5612376252772194,"roty":0,"rotx":11.250000000000002}},"locators":{}}