# This file was generated by Animated Java via MC-Build. It is not recommended to edit this file directly.
$data merge entity $(bone_legs) {transformation: [-1f,0f,0f,0f,0f,0.9863f,0.165f,1.25f,0f,0.165f,-0.9863f,0f,0f,0f,0f,1f],start_interpolation: 0,interpolation_duration: 1}
$data merge entity $(bone_backbling) {transformation: [-1f,0f,0f,0f,0f,0.9991f,0.0414f,2.7044f,0f,0.0414f,-0.9991f,-0.3776f,0f,0f,0f,1f],start_interpolation: 0,interpolation_duration: 1}
$data merge entity $(bone_top) {transformation: [-1f,0f,0f,0f,0f,0.9991f,0.0414f,2.1242f,0f,0.0414f,-0.9991f,0.0363f,0f,0f,0f,1f],start_interpolation: 0,interpolation_duration: 1}
$data merge entity $(bone_body) {transformation: [-1f,0f,0f,0f,0f,0.9991f,0.0414f,1.25f,0f,0.0414f,-0.9991f,0f,0f,0f,0f,1f],start_interpolation: 0,interpolation_duration: 1}
$data merge entity $(bone_right1) {transformation: [-0.967f,0.2546f,0f,-0.5f,0.202f,0.7673f,-0.6087f,2.375f,-0.155f,-0.5886f,-0.7934f,0.0312f,0f,0f,0f,1f],start_interpolation: 0,interpolation_duration: 1}
$data merge entity $(bone_left1) {transformation: [-0.9923f,-0.124f,0f,0.5f,-0.124f,0.9923f,0f,2.375f,0f,0f,-1f,0.0313f,0f,0f,0f,1f],start_interpolation: 0,interpolation_duration: 1}
$data merge entity $(bone_left2) {transformation: [-0.9966f,-0.0828f,0f,0.5f,-0.0828f,0.9966f,0f,2.5f,0f,0f,-1f,-0.2187f,0f,0f,0f,1f],start_interpolation: 0,interpolation_duration: 1}
$data merge entity $(bone_right2) {transformation: [-0.9966f,0.0828f,0f,-0.5f,0.0828f,0.9966f,0f,2.5f,0f,0f,-1f,-0.2188f,0f,0f,0f,1f],start_interpolation: 0,interpolation_duration: 1}
$data merge entity $(bone_head) {transformation: [-1f,0f,0f,0f,0f,0.9966f,0.0828f,2.625f,0f,0.0828f,-0.9966f,0.1844f,0f,0f,0f,1f],start_interpolation: 0,interpolation_duration: 1}
$data merge entity $(bone_spinny_part) {transformation: [0.1563f,-0.0414f,-0.9868f,-0.7521f,0.0065f,0.9991f,-0.0409f,2.248f,0.9877f,0f,0.1564f,0.7812f,0f,0f,0f,1f],start_interpolation: 0,interpolation_duration: 1}
$data merge entity $(bone_staff) {transformation: [0f,-0.0717f,1.7277f,-0.6563f,0f,1.7277f,0.0717f,-0.0625f,-1.7292f,0f,0f,0.7812f,0f,0f,0f,1f],start_interpolation: 0,interpolation_duration: 1}
data modify entity @s data merge value {"cameras":{"camera":{"posx":-6.897977112753116e-17,"posy":2.6562322660890336,"posz":0.5632625764061734,"roty":0,"rotx":4.750000000000001}},"locators":{}}