# This file was generated by Animated Java via MC-Build. It is not recommended to edit this file directly.
$data merge entity $(bone_legs) {transformation: [-1f,0f,0f,0f,0f,0.989f,0.1478f,1.25f,0f,0.1478f,-0.989f,0f,0f,0f,0f,1f],start_interpolation: 0,interpolation_duration: 1}
$data merge entity $(bone_backbling) {transformation: [-1f,0f,0f,0f,0f,0.9993f,0.0371f,2.7027f,0f,0.0371f,-0.9993f,-0.3839f,0f,0f,0f,1f],start_interpolation: 0,interpolation_duration: 1}
$data merge entity $(bone_top) {transformation: [-1f,0f,0f,0f,0f,0.9993f,0.0371f,2.1244f,0f,0.0371f,-0.9993f,0.0324f,0f,0f,0f,1f],start_interpolation: 0,interpolation_duration: 1}
$data merge entity $(bone_body) {transformation: [-1f,0f,0f,0f,0f,0.9993f,0.0371f,1.25f,0f,0.0371f,-0.9993f,0f,0f,0f,0f,1f],start_interpolation: 0,interpolation_duration: 1}
$data merge entity $(bone_right1) {transformation: [-0.9692f,0.2462f,0f,-0.5f,0.1954f,0.7691f,-0.6086f,2.375f,-0.1498f,-0.5898f,-0.7935f,0.0312f,0f,0f,0f,1f],start_interpolation: 0,interpolation_duration: 1}
$data merge entity $(bone_left1) {transformation: [-0.9938f,-0.111f,0f,0.5f,-0.111f,0.9938f,0f,2.375f,0f,0f,-1f,0.0313f,0f,0f,0f,1f],start_interpolation: 0,interpolation_duration: 1}
$data merge entity $(bone_left2) {transformation: [-0.9973f,-0.0741f,0f,0.5f,-0.0741f,0.9973f,0f,2.5f,0f,0f,-1f,-0.2187f,0f,0f,0f,1f],start_interpolation: 0,interpolation_duration: 1}
$data merge entity $(bone_right2) {transformation: [-0.9973f,0.0741f,0f,-0.5f,0.0741f,0.9973f,0f,2.5f,0f,0f,-1f,-0.2188f,0f,0f,0f,1f],start_interpolation: 0,interpolation_duration: 1}
$data merge entity $(bone_head) {transformation: [-1f,0f,0f,0f,0f,0.9973f,0.0741f,2.625f,0f,0.0741f,-0.9973f,0.1781f,0f,0f,0f,1f],start_interpolation: 0,interpolation_duration: 1}
$data merge entity $(bone_spinny_part) {transformation: [-0.4537f,-0.0371f,-0.8904f,-0.742f,-0.0168f,0.9993f,-0.033f,2.2484f,0.891f,0f,-0.454f,0.7812f,0f,0f,0f,1f],start_interpolation: 0,interpolation_duration: 1}
$data merge entity $(bone_staff) {transformation: [0f,-0.0641f,1.728f,-0.6563f,0f,1.728f,0.0641f,-0.0625f,-1.7292f,0f,0f,0.7812f,0f,0f,0f,1f],start_interpolation: 0,interpolation_duration: 1}
data modify entity @s data merge value {"cameras":{"camera":{"posx":-6.817922241040338e-17,"posy":2.659537452745443,"posz":0.5567256000495197,"roty":0,"rotx":4.250000000000001}},"locators":{}}