# This file was generated by Animated Java via MC-Build. It is not recommended to edit this file directly.
$data merge entity $(bone_legs) {transformation: [-1f,0f,0f,0f,0f,0.9936f,0.1132f,1.25f,0f,0.1132f,-0.9936f,0f,0f,0f,0f,1f],start_interpolation: 0,interpolation_duration: 1}
$data merge entity $(bone_backbling) {transformation: [-1f,0f,0f,0f,0f,0.9996f,0.0284f,2.6993f,0f,0.0284f,-0.9996f,-0.3966f,0f,0f,0f,1f],start_interpolation: 0,interpolation_duration: 1}
$data merge entity $(bone_top) {transformation: [-1f,0f,0f,0f,0f,0.9996f,0.0284f,2.1246f,0f,0.0284f,-0.9996f,0.0248f,0f,0f,0f,1f],start_interpolation: 0,interpolation_duration: 1}
$data merge entity $(bone_body) {transformation: [-1f,0f,0f,0f,0f,0.9996f,0.0284f,1.25f,0f,0.0284f,-0.9996f,0f,0f,0f,0f,1f],start_interpolation: 0,interpolation_duration: 1}
$data merge entity $(bone_right1) {transformation: [-0.9734f,0.2292f,0f,-0.5f,0.1819f,0.7725f,-0.6084f,2.375f,-0.1395f,-0.5922f,-0.7936f,0.0312f,0f,0f,0f,1f],start_interpolation: 0,interpolation_duration: 1}
$data merge entity $(bone_left1) {transformation: [-0.9964f,-0.085f,0f,0.5f,-0.085f,0.9964f,0f,2.375f,0f,0f,-1f,0.0313f,0f,0f,0f,1f],start_interpolation: 0,interpolation_duration: 1}
$data merge entity $(bone_left2) {transformation: [-0.9984f,-0.0567f,0f,0.5f,-0.0567f,0.9984f,0f,2.5f,0f,0f,-1f,-0.2187f,0f,0f,0f,1f],start_interpolation: 0,interpolation_duration: 1}
$data merge entity $(bone_right2) {transformation: [-0.9984f,0.0567f,0f,-0.5f,0.0567f,0.9984f,0f,2.5f,0f,0f,-1f,-0.2188f,0f,0f,0f,1f],start_interpolation: 0,interpolation_duration: 1}
$data merge entity $(bone_head) {transformation: [-1f,0f,0f,0f,0f,0.9984f,0.0567f,2.625f,0f,0.0567f,-0.9984f,0.1656f,0f,0f,0f,1f],start_interpolation: 0,interpolation_duration: 1}
$data merge entity $(bone_spinny_part) {transformation: [-0.8906f,-0.0284f,-0.4538f,-0.7218f,-0.0253f,0.9996f,-0.0129f,2.2491f,0.454f,0f,-0.891f,0.7812f,0f,0f,0f,1f],start_interpolation: 0,interpolation_duration: 1}
$data merge entity $(bone_staff) {transformation: [0f,-0.049f,1.7285f,-0.6563f,0f,1.7285f,0.049f,-0.0625f,-1.7292f,0f,0f,0.7812f,0f,0f,0f,1f],start_interpolation: 0,interpolation_duration: 1}
data modify entity @s data merge value {"cameras":{"camera":{"posx":-6.656753525265833e-17,"posy":2.666139684073568,"posz":0.5435651756817168,"roty":0,"rotx":3.2499999999999996}},"locators":{}}