# This file was generated by Animated Java via MC-Build. It is not recommended to edit this file directly.
$data merge entity $(bone_legs) {transformation: [-1f,0f,0f,0f,0f,0.9954f,0.0958f,1.25f,0f,0.0958f,-0.9954f,0f,0f,0f,0f,1f],start_interpolation: 0,interpolation_duration: 1}
$data merge entity $(bone_backbling) {transformation: [-1f,0f,0f,0f,0f,0.9997f,0.024f,2.6976f,0f,0.024f,-0.9997f,-0.4029f,0f,0f,0f,1f],start_interpolation: 0,interpolation_duration: 1}
$data merge entity $(bone_top) {transformation: [-1f,0f,0f,0f,0f,0.9997f,0.024f,2.1247f,0f,0.024f,-0.9997f,0.021f,0f,0f,0f,1f],start_interpolation: 0,interpolation_duration: 1}
$data merge entity $(bone_body) {transformation: [-1f,0f,0f,0f,0f,0.9997f,0.024f,1.25f,0f,0.024f,-0.9997f,0f,0f,0f,0f,1f],start_interpolation: 0,interpolation_duration: 1}
$data merge entity $(bone_right1) {transformation: [-0.9753f,0.2207f,0f,-0.5f,0.1752f,0.7741f,-0.6084f,2.375f,-0.1343f,-0.5934f,-0.7936f,0.0312f,0f,0f,0f,1f],start_interpolation: 0,interpolation_duration: 1}
$data merge entity $(bone_left1) {transformation: [-0.9974f,-0.0719f,0f,0.5f,-0.0719f,0.9974f,0f,2.375f,0f,0f,-1f,0.0313f,0f,0f,0f,1f],start_interpolation: 0,interpolation_duration: 1}
$data merge entity $(bone_left2) {transformation: [-0.9988f,-0.048f,0f,0.5f,-0.048f,0.9988f,0f,2.5f,0f,0f,-1f,-0.2187f,0f,0f,0f,1f],start_interpolation: 0,interpolation_duration: 1}
$data merge entity $(bone_right2) {transformation: [-0.9988f,0.048f,0f,-0.5f,0.048f,0.9988f,0f,2.5f,0f,0f,-1f,-0.2188f,0f,0f,0f,1f],start_interpolation: 0,interpolation_duration: 1}
$data merge entity $(bone_head) {transformation: [-1f,0f,0f,0f,0f,0.9988f,0.048f,2.625f,0f,0.048f,-0.9988f,0.1594f,0f,0f,0f,1f],start_interpolation: 0,interpolation_duration: 1}
$data merge entity $(bone_spinny_part) {transformation: [-0.9874f,-0.024f,-0.1564f,-0.7117f,-0.0237f,0.9997f,-0.0038f,2.2493f,0.1564f,0f,-0.9877f,0.7812f,0f,0f,0f,1f],start_interpolation: 0,interpolation_duration: 1}
$data merge entity $(bone_staff) {transformation: [0f,-0.0415f,1.7287f,-0.6563f,0f,1.7287f,0.0415f,-0.0625f,-1.7292f,0f,0f,0.7812f,0f,0f,0f,1f],start_interpolation: 0,interpolation_duration: 1}
data modify entity @s data merge value {"cameras":{"camera":{"posx":-6.575640297126409e-17,"posy":2.6694362259598052,"posz":0.5369417779644405,"roty":0,"rotx":2.75}},"locators":{}}