# This file was generated by Animated Java via MC-Build. It is not recommended to edit this file directly.
$data merge entity $(bone_legs) {transformation: [-1f,0f,0f,0f,0f,0.9976f,0.0698f,1.25f,0f,0.0698f,-0.9976f,0f,0f,0f,0f,1f],start_interpolation: 0,interpolation_duration: 1}
$data merge entity $(bone_backbling) {transformation: [-1f,0f,0f,0f,0f,0.9998f,0.0175f,2.6949f,0f,0.0175f,-0.9998f,-0.4123f,0f,0f,0f,1f],start_interpolation: 0,interpolation_duration: 1}
$data merge entity $(bone_top) {transformation: [-1f,0f,0f,0f,0f,0.9998f,0.0175f,2.1249f,0f,0.0175f,-0.9998f,0.0153f,0f,0f,0f,1f],start_interpolation: 0,interpolation_duration: 1}
$data merge entity $(bone_body) {transformation: [-1f,0f,0f,0f,0f,0.9998f,0.0175f,1.25f,0f,0.0175f,-0.9998f,0f,0f,0f,0f,1f],start_interpolation: 0,interpolation_duration: 1}
$data merge entity $(bone_right1) {transformation: [-0.9781f,0.208f,0f,-0.5f,0.1651f,0.7763f,-0.6084f,2.375f,-0.1265f,-0.5951f,-0.7936f,0.0312f,0f,0f,0f,1f],start_interpolation: 0,interpolation_duration: 1}
$data merge entity $(bone_left1) {transformation: [-0.9986f,-0.0523f,0f,0.5f,-0.0523f,0.9986f,0f,2.375f,0f,0f,-1f,0.0313f,0f,0f,0f,1f],start_interpolation: 0,interpolation_duration: 1}
$data merge entity $(bone_left2) {transformation: [-0.9994f,-0.0349f,0f,0.5f,-0.0349f,0.9994f,0f,2.5f,0f,0f,-1f,-0.2187f,0f,0f,0f,1f],start_interpolation: 0,interpolation_duration: 1}
$data merge entity $(bone_right2) {transformation: [-0.9994f,0.0349f,0f,-0.5f,0.0349f,0.9994f,0f,2.5f,0f,0f,-1f,-0.2188f,0f,0f,0f,1f],start_interpolation: 0,interpolation_duration: 1}
$data merge entity $(bone_head) {transformation: [-1f,0f,0f,0f,0f,0.9994f,0.0349f,2.625f,0f,0.0349f,-0.9994f,0.15f,0f,0f,0f,1f],start_interpolation: 0,interpolation_duration: 1}
$data merge entity $(bone_spinny_part) {transformation: [-0.9509f,-0.0175f,0.309f,-0.6966f,-0.0166f,0.9998f,0.0054f,2.2496f,-0.309f,0f,-0.9511f,0.7812f,0f,0f,0f,1f],start_interpolation: 0,interpolation_duration: 1}
$data merge entity $(bone_staff) {transformation: [0f,-0.0302f,1.7289f,-0.6563f,0f,1.7289f,0.0302f,-0.0625f,-1.7292f,0f,0f,0.7812f,0f,0f,0f,1f],start_interpolation: 0,interpolation_duration: 1}
data modify entity @s data merge value {"cameras":{"camera":{"posx":-6.453310337074493e-17,"posy":2.6743746154252555,"posz":0.5269527786760672,"roty":0,"rotx":1.9999999999999998}},"locators":{}}