# This file was generated by Animated Java via MC-Build. It is not recommended to edit this file directly.
$data merge entity $(bone_legs) {transformation: [-1f,0f,0f,0f,0f,0.9986f,0.0523f,1.25f,0f,0.0523f,-0.9986f,0f,0f,0f,0f,1f],start_interpolation: 0,interpolation_duration: 1}
$data merge entity $(bone_backbling) {transformation: [-1f,0f,0f,0f,0f,0.9999f,0.0131f,2.6931f,0f,0.0131f,-0.9999f,-0.4186f,0f,0f,0f,1f],start_interpolation: 0,interpolation_duration: 1}
$data merge entity $(bone_top) {transformation: [-1f,0f,0f,0f,0f,0.9999f,0.0131f,2.1249f,0f,0.0131f,-0.9999f,0.0115f,0f,0f,0f,1f],start_interpolation: 0,interpolation_duration: 1}
$data merge entity $(bone_body) {transformation: [-1f,0f,0f,0f,0f,0.9999f,0.0131f,1.25f,0f,0.0131f,-0.9999f,0f,0f,0f,0f,1f],start_interpolation: 0,interpolation_duration: 1}
$data merge entity $(bone_right1) {transformation: [-0.9799f,0.1994f,0f,-0.5f,0.1583f,0.7777f,-0.6084f,2.375f,-0.1213f,-0.5962f,-0.7936f,0.0312f,0f,0f,0f,1f],start_interpolation: 0,interpolation_duration: 1}
$data merge entity $(bone_left1) {transformation: [-0.9992f,-0.0393f,0f,0.5f,-0.0393f,0.9992f,0f,2.375f,0f,0f,-1f,0.0313f,0f,0f,0f,1f],start_interpolation: 0,interpolation_duration: 1}
$data merge entity $(bone_left2) {transformation: [-0.9997f,-0.0262f,0f,0.5f,-0.0262f,0.9997f,0f,2.5f,0f,0f,-1f,-0.2187f,0f,0f,0f,1f],start_interpolation: 0,interpolation_duration: 1}
$data merge entity $(bone_right2) {transformation: [-0.9997f,0.0262f,0f,-0.5f,0.0262f,0.9997f,0f,2.5f,0f,0f,-1f,-0.2188f,0f,0f,0f,1f],start_interpolation: 0,interpolation_duration: 1}
$data merge entity $(bone_head) {transformation: [-1f,0f,0f,0f,0f,0.9997f,0.0262f,2.625f,0f,0.0262f,-0.9997f,0.1438f,0f,0f,0f,1f],start_interpolation: 0,interpolation_duration: 1}
$data merge entity $(bone_spinny_part) {transformation: [-0.8089f,-0.0131f,0.5877f,-0.6865f,-0.0106f,0.9999f,0.0077f,2.2498f,-0.5878f,0f,-0.809f,0.7812f,0f,0f,0f,1f],start_interpolation: 0,interpolation_duration: 1}
$data merge entity $(bone_staff) {transformation: [0f,-0.0226f,1.729f,-0.6563f,0f,1.729f,0.0226f,-0.0625f,-1.7292f,0f,0f,0.7812f,0f,0f,0f,1f],start_interpolation: 0,interpolation_duration: 1}
data modify entity @s data merge value {"cameras":{"camera":{"posx":-6.371317508530453e-17,"posy":2.67766222719552,"posz":0.5202575561350761,"roty":0,"rotx":1.5000000000000002}},"locators":{}}