# This file was generated by Animated Java via MC-Build. It is not recommended to edit this file directly.
$data merge entity $(bone_legs) {transformation: [-1f,0f,0f,0f,0f,0.9969f,0.0785f,1.25f,0f,0.0785f,-0.9969f,0f,0f,0f,0f,1f],start_interpolation: 0,interpolation_duration: 1}
$data merge entity $(bone_backbling) {transformation: [-1f,0f,0f,0f,0f,0.9998f,0.0196f,2.6958f,0f,0.0196f,-0.9998f,-0.4092f,0f,0f,0f,1f],start_interpolation: 0,interpolation_duration: 1}
$data merge entity $(bone_top) {transformation: [-1f,0f,0f,0f,0f,0.9998f,0.0196f,2.1248f,0f,0.0196f,-0.9998f,0.0172f,0f,0f,0f,1f],start_interpolation: 0,interpolation_duration: 1}
$data merge entity $(bone_body) {transformation: [-1f,0f,0f,0f,0f,0.9998f,0.0196f,1.25f,0f,0.0196f,-0.9998f,0f,0f,0f,0f,1f],start_interpolation: 0,interpolation_duration: 1}
$data merge entity $(bone_right1) {transformation: [-0.9772f,0.2122f,0f,-0.5f,0.1685f,0.7756f,-0.6084f,2.375f,-0.1291f,-0.5945f,-0.7936f,0.0312f,0f,0f,0f,1f],start_interpolation: 0,interpolation_duration: 1}
$data merge entity $(bone_left1) {transformation: [-0.9983f,-0.0589f,0f,0.5f,-0.0589f,0.9983f,0f,2.375f,0f,0f,-1f,0.0313f,0f,0f,0f,1f],start_interpolation: 0,interpolation_duration: 1}
$data merge entity $(bone_left2) {transformation: [-0.9992f,-0.0393f,0f,0.5f,-0.0393f,0.9992f,0f,2.5f,0f,0f,-1f,-0.2187f,0f,0f,0f,1f],start_interpolation: 0,interpolation_duration: 1}
$data merge entity $(bone_right2) {transformation: [-0.9992f,0.0393f,0f,-0.5f,0.0393f,0.9992f,0f,2.5f,0f,0f,-1f,-0.2188f,0f,0f,0f,1f],start_interpolation: 0,interpolation_duration: 1}
$data merge entity $(bone_head) {transformation: [-1f,0f,0f,0f,0f,0.9992f,0.0393f,2.625f,0f,0.0393f,-0.9992f,0.1531f,0f,0f,0f,1f],start_interpolation: 0,interpolation_duration: 1}
$data merge entity $(bone_spinny_part) {transformation: [0.9875f,-0.0196f,0.1564f,-0.7017f,0.0194f,0.9998f,0.0031f,2.2496f,-0.1564f,0f,0.9877f,0.7812f,0f,0f,0f,1f],start_interpolation: 0,interpolation_duration: 1}
$data merge entity $(bone_staff) {transformation: [0f,-0.0339f,1.7288f,-0.6563f,0f,1.7288f,0.0339f,-0.0625f,-1.7292f,0f,0f,0.7812f,0f,0f,0f,1f],start_interpolation: 0,interpolation_duration: 1}
data modify entity @s data merge value {"cameras":{"camera":{"posx":-6.49417494418703e-17,"posy":2.6727293838553945,"posz":0.5302896270752129,"roty":0,"rotx":2.25}},"locators":{}}