# This file was generated by Animated Java via MC-Build. It is not recommended to edit this file directly.
$data merge entity $(bone_body) {transformation: [-0.9998f,0.0168f,0.0048f,0f,0.0164f,0.9974f,-0.0696f,0.3375f,-0.006f,-0.0695f,-0.9976f,0.0125f,0f,0f,0f,1f],start_interpolation: 0,interpolation_duration: 1}
$data merge entity $(bone_left) {transformation: [-1f,0f,0f,0.0125f,0f,0.9994f,0.0349f,-0.0242f,0f,0.0349f,-0.9994f,-0.075f,0f,0f,0f,1f],start_interpolation: 0,interpolation_duration: 1}
$data merge entity $(bone_right) {transformation: [-0.9999f,0f,-0.0131f,0f,-0.0008f,0.9981f,0.061f,0f,0.0131f,0.061f,-0.998f,-0.061f,0f,0f,0f,1f],start_interpolation: 0,interpolation_duration: 1}
$data merge entity $(bone_right2) {transformation: [-0.9997f,0.0262f,0f,-0.0125f,0.0259f,0.9899f,-0.1392f,0.025f,-0.0036f,-0.1391f,-0.9903f,0.1125f,0f,0f,0f,1f],start_interpolation: 0,interpolation_duration: 1}
$data merge entity $(bone_left2) {transformation: [-0.999f,0.0332f,-0.0283f,-0.0375f,0.0365f,0.9914f,-0.1255f,0.0356f,0.0239f,-0.1264f,-0.9917f,0.0984f,0f,0f,0f,1f],start_interpolation: 0,interpolation_duration: 1}
$data merge entity $(bone_top_mouth2) {transformation: [-0.9997f,-0.0256f,0.0054f,0.0309f,-0.0253f,0.9983f,0.0521f,-0.4863f,-0.0068f,0.0519f,-0.9986f,0.7562f,0f,0f,0f,1f],start_interpolation: 0,interpolation_duration: 1}
$data merge entity $(bone_top_mouth) {transformation: [-1.083f,-0.0277f,0.0059f,0.0309f,-0.0274f,1.0815f,0.0564f,-0.4863f,-0.0073f,0.0562f,-1.0818f,0.7562f,0f,0f,0f,1f],start_interpolation: 0,interpolation_duration: 1}
$data merge entity $(bone_bottom_mouth) {transformation: [-0.9997f,-0.0258f,0.0045f,0.026f,-0.0253f,0.9959f,0.0869f,-0.2847f,-0.0068f,0.0867f,-0.9962f,0.7291f,0f,0f,0f,1f],start_interpolation: 0,interpolation_duration: 1}
$data merge entity $(bone_main_head) {transformation: [-0.9997f,-0.0256f,0.0054f,0.0298f,-0.0253f,0.9983f,0.0521f,-0.2634f,-0.0068f,0.0519f,-0.9986f,0.0794f,0f,0f,0f,1f],start_interpolation: 0,interpolation_duration: 1}