# This file was generated by Animated Java via MC-Build. It is not recommended to edit this file directly.
$data merge entity $(bone_body) {transformation: [-0.9914f,-0.1305f,0f,0f,-0.1227f,0.9317f,0.342f,0.4375f,-0.0446f,0.3391f,-0.9397f,-0.0625f,0f,0f,0f,1f],start_interpolation: 0,interpolation_duration: 1}
$data merge entity $(bone_left) {transformation: [-0.9848f,-0.171f,-0.0302f,0.125f,-0.1504f,0.7531f,0.6405f,0.1386f,-0.0868f,0.6353f,-0.7674f,-0.5367f,0f,0f,0f,1f],start_interpolation: 0,interpolation_duration: 1}
$data merge entity $(bone_right) {transformation: [-0.9914f,0f,-0.1305f,0.0625f,-0.0795f,0.7934f,0.6036f,0.1005f,0.1036f,0.6088f,-0.7866f,-0.4871f,0f,0f,0f,1f],start_interpolation: 0,interpolation_duration: 1}
$data merge entity $(bone_right2) {transformation: [-0.9848f,-0.1736f,0f,0.125f,-0.1695f,0.9615f,0.2164f,0.061f,-0.0376f,0.2132f,-0.9763f,0.0135f,0f,0f,0f,1f],start_interpolation: 0,interpolation_duration: 1}
$data merge entity $(bone_left2) {transformation: [-0.9953f,-0.0801f,0.0539f,0.0625f,-0.0686f,0.9797f,0.1886f,0.0135f,-0.0679f,0.184f,-0.9806f,-0.061f,0f,0f,0f,1f],start_interpolation: 0,interpolation_duration: 1}
$data merge entity $(bone_top_mouth2) {transformation: [-0.9848f,0.1736f,0f,-0.2279f,0.173f,0.9811f,0.0872f,-0.7062f,0.0151f,0.0858f,-0.9962f,0.8229f,0f,0f,0f,1f],start_interpolation: 0,interpolation_duration: 1}
$data merge entity $(bone_top_mouth) {transformation: [-1.0669f,0.1881f,0f,-0.2279f,0.1874f,1.0628f,0.0944f,-0.7062f,0.0164f,0.093f,-1.0792f,0.8229f,0f,0f,0f,1f],start_interpolation: 0,interpolation_duration: 1}
$data merge entity $(bone_bottom_mouth) {transformation: [-0.9848f,0.1736f,0f,-0.1736f,0.173f,0.9811f,0.0872f,-0.3996f,0.0151f,0.0858f,-0.9962f,0.8498f,0f,0f,0f,1f],start_interpolation: 0,interpolation_duration: 1}
$data merge entity $(bone_main_head) {transformation: [-0.9848f,0.1736f,0f,-0.1954f,0.173f,0.9811f,0.0872f,-0.4624f,0.0151f,0.0858f,-0.9962f,0.1542f,0f,0f,0f,1f],start_interpolation: 0,interpolation_duration: 1}