# This file was generated by Animated Java via MC-Build. It is not recommended to edit this file directly.
$data merge entity $(bone_body) {transformation: [-0.9945f,-0.1043f,0.0073f,0f,-0.0982f,0.9562f,0.2756f,0.4125f,-0.0357f,0.2733f,-0.9613f,-0.05f,0f,0f,0f,1f],start_interpolation: 0,interpolation_duration: 1}
$data merge entity $(bone_left) {transformation: [-0.9903f,-0.1373f,-0.023f,0.1f,-0.1286f,0.839f,0.5287f,0.1f,-0.0533f,0.5265f,-0.8485f,-0.4366f,0f,0f,0f,1f],start_interpolation: 0,interpolation_duration: 1}
$data merge entity $(bone_right) {transformation: [-0.9945f,0f,-0.1045f,0.05f,-0.0523f,0.866f,0.4973f,0.075f,0.0905f,0.5f,-0.8613f,-0.3933f,0f,0f,0f,1f],start_interpolation: 0,interpolation_duration: 1}
$data merge entity $(bone_right2) {transformation: [-0.9903f,-0.1392f,0f,0.1f,-0.1371f,0.9752f,0.1736f,0.0492f,-0.0242f,0.172f,-0.9848f,0.0087f,0f,0f,0f,1f],start_interpolation: 0,interpolation_duration: 1}
$data merge entity $(bone_left2) {transformation: [-0.997f,-0.0644f,0.0427f,0.05f,-0.0572f,0.9869f,0.1506f,0.0087f,-0.0519f,0.1477f,-0.9877f,-0.0492f,0f,0f,0f,1f],start_interpolation: 0,interpolation_duration: 1}
$data merge entity $(bone_top_mouth2) {transformation: [-0.9903f,0.1392f,-0.0024f,-0.1814f,0.1386f,0.9879f,0.0697f,-0.6815f,0.0121f,0.0687f,-0.9976f,0.8336f,0f,0f,0f,1f],start_interpolation: 0,interpolation_duration: 1}
$data merge entity $(bone_top_mouth) {transformation: [-1.0728f,0.1507f,-0.0026f,-0.1814f,0.1502f,1.0702f,0.0755f,-0.6815f,0.0131f,0.0744f,-1.0807f,0.8336f,0f,0f,0f,1f],start_interpolation: 0,interpolation_duration: 1}
$data merge entity $(bone_bottom_mouth) {transformation: [-0.9903f,0.1392f,-0.0024f,-0.1414f,0.1386f,0.9879f,0.0697f,-0.3974f,0.0121f,0.0687f,-0.9976f,0.8534f,0f,0f,0f,1f],start_interpolation: 0,interpolation_duration: 1}
$data merge entity $(bone_main_head) {transformation: [-0.9903f,0.1392f,-0.0024f,-0.157f,0.1386f,0.9879f,0.0697f,-0.4483f,0.0121f,0.0687f,-0.9976f,0.1607f,0f,0f,0f,1f],start_interpolation: 0,interpolation_duration: 1}