# This file was generated by Animated Java via MC-Build. It is not recommended to edit this file directly.
$data merge entity $(bone_body) {transformation: [-0.9969f,-0.0777f,0.0109f,0f,-0.0738f,0.9754f,0.2077f,0.3875f,-0.0268f,0.2062f,-0.9781f,-0.0375f,0f,0f,0f,1f],start_interpolation: 0,interpolation_duration: 1}
$data merge entity $(bone_left) {transformation: [-0.9945f,-0.1032f,-0.0164f,0.075f,-0.101f,0.9081f,0.4063f,0.0662f,-0.0271f,0.4058f,-0.9136f,-0.3318f,0f,0f,0f,1f],start_interpolation: 0,interpolation_duration: 1}
$data merge entity $(bone_right) {transformation: [-0.9969f,0f,-0.0785f,0.0375f,-0.03f,0.9239f,0.3815f,0.0519f,0.0725f,0.3827f,-0.921f,-0.2971f,0f,0f,0f,1f],start_interpolation: 0,interpolation_duration: 1}
$data merge entity $(bone_right2) {transformation: [-0.9945f,-0.1045f,0f,0.075f,-0.1036f,0.986f,0.1305f,0.0372f,-0.0136f,0.1298f,-0.9914f,0.0049f,0f,0f,0f,1f],start_interpolation: 0,interpolation_duration: 1}
$data merge entity $(bone_left2) {transformation: [-0.9983f,-0.0485f,0.0318f,0.0375f,-0.0446f,0.9926f,0.1127f,0.0049f,-0.037f,0.1111f,-0.9931f,-0.0372f,0f,0f,0f,1f],start_interpolation: 0,interpolation_duration: 1}
$data merge entity $(bone_top_mouth2) {transformation: [-0.9945f,0.1045f,-0.0037f,-0.1353f,0.1041f,0.9932f,0.0522f,-0.6547f,0.0091f,0.0515f,-0.9986f,0.8442f,0f,0f,0f,1f],start_interpolation: 0,interpolation_duration: 1}
$data merge entity $(bone_top_mouth) {transformation: [-1.0774f,0.1132f,-0.004f,-0.1353f,0.1128f,1.076f,0.0566f,-0.6547f,0.0098f,0.0558f,-1.0818f,0.8442f,0f,0f,0f,1f],start_interpolation: 0,interpolation_duration: 1}
$data merge entity $(bone_bottom_mouth) {transformation: [-0.9945f,0.1045f,-0.0037f,-0.1079f,0.1041f,0.9932f,0.0522f,-0.394f,0.0091f,0.0515f,-0.9986f,0.8577f,0f,0f,0f,1f],start_interpolation: 0,interpolation_duration: 1}
$data merge entity $(bone_main_head) {transformation: [-0.9945f,0.1045f,-0.0037f,-0.1182f,0.1041f,0.9932f,0.0522f,-0.4326f,0.0091f,0.0515f,-0.9986f,0.1673f,0f,0f,0f,1f],start_interpolation: 0,interpolation_duration: 1}