# This file was generated by Animated Java via MC-Build. It is not recommended to edit this file directly.
$data merge entity $(bone_body) {transformation: [-0.9986f,-0.0512f,0.0109f,0f,-0.0492f,0.9891f,0.1388f,0.3625f,-0.0179f,0.1381f,-0.9903f,-0.025f,0f,0f,0f,1f],start_interpolation: 0,interpolation_duration: 1}
$data merge entity $(bone_left) {transformation: [-0.9976f,-0.069f,-0.0103f,0.05f,-0.0692f,0.9587f,0.2757f,0.0379f,-0.0091f,0.2758f,-0.9612f,-0.2233f,0f,0f,0f,1f],start_interpolation: 0,interpolation_duration: 1}
$data merge entity $(bone_right) {transformation: [-0.9986f,0f,-0.0523f,0.025f,-0.0135f,0.9659f,0.2585f,0.0315f,0.0506f,0.2588f,-0.9646f,-0.1991f,0f,0f,0f,1f],start_interpolation: 0,interpolation_duration: 1}
$data merge entity $(bone_right2) {transformation: [-0.9976f,-0.0698f,0f,0.05f,-0.0695f,0.9938f,0.0872f,0.0249f,-0.0061f,0.0869f,-0.9962f,0.0022f,0f,0f,0f,1f],start_interpolation: 0,interpolation_duration: 1}
$data merge entity $(bone_left2) {transformation: [-0.9993f,-0.0325f,0.021f,0.025f,-0.0308f,0.9967f,0.0749f,0.0022f,-0.0234f,0.0742f,-0.997f,-0.0249f,0f,0f,0f,1f],start_interpolation: 0,interpolation_duration: 1}
$data merge entity $(bone_top_mouth2) {transformation: [-0.9976f,0.0697f,-0.0036f,-0.0896f,0.0695f,0.997f,0.0347f,-0.6259f,0.0061f,0.0344f,-0.9994f,0.8546f,0f,0f,0f,1f],start_interpolation: 0,interpolation_duration: 1}
$data merge entity $(bone_top_mouth) {transformation: [-1.0807f,0.0755f,-0.004f,-0.0896f,0.0753f,1.0801f,0.0376f,-0.6259f,0.0066f,0.0372f,-1.0827f,0.8546f,0f,0f,0f,1f],start_interpolation: 0,interpolation_duration: 1}
$data merge entity $(bone_bottom_mouth) {transformation: [-0.9976f,0.0697f,-0.0036f,-0.0731f,0.0695f,0.997f,0.0347f,-0.3891f,0.0061f,0.0344f,-0.9994f,0.8627f,0f,0f,0f,1f],start_interpolation: 0,interpolation_duration: 1}
$data merge entity $(bone_main_head) {transformation: [-0.9976f,0.0697f,-0.0036f,-0.0791f,0.0695f,0.997f,0.0347f,-0.4151f,0.0061f,0.0344f,-0.9994f,0.1739f,0f,0f,0f,1f],start_interpolation: 0,interpolation_duration: 1}