# This file was generated by Animated Java via MC-Build. It is not recommended to edit this file directly.
$data merge entity $(bone_body) {transformation: [-0.9997f,-0.0252f,0.0072f,0f,-0.0246f,0.9973f,0.0694f,0.3375f,-0.0089f,0.0692f,-0.9976f,-0.0125f,0f,0f,0f,1f],start_interpolation: 0,interpolation_duration: 1}
$data merge entity $(bone_left) {transformation: [-0.9994f,-0.0346f,-0.0048f,0.025f,-0.0349f,0.9896f,0.1394f,0.0158f,0f,0.1395f,-0.9902f,-0.1123f,0f,0f,0f,1f],start_interpolation: 0,interpolation_duration: 1}
$data merge entity $(bone_right) {transformation: [-0.9997f,0f,-0.0262f,0.0125f,-0.0034f,0.9914f,0.1305f,0.0141f,0.026f,0.1305f,-0.9911f,-0.0999f,0f,0f,0f,1f],start_interpolation: 0,interpolation_duration: 1}
$data merge entity $(bone_right2) {transformation: [-0.9994f,-0.0349f,0f,0.025f,-0.0349f,0.9984f,0.0436f,0.0125f,-0.0015f,0.0436f,-0.999f,0.0005f,0f,0f,0f,1f],start_interpolation: 0,interpolation_duration: 1}
$data merge entity $(bone_left2) {transformation: [-0.9998f,-0.0163f,0.0104f,0.0125f,-0.0159f,0.9992f,0.0373f,0.0005f,-0.011f,0.0371f,-0.9993f,-0.0125f,0f,0f,0f,1f],start_interpolation: 0,interpolation_duration: 1}
$data merge entity $(bone_top_mouth2) {transformation: [-0.9994f,0.0348f,-0.0024f,-0.0445f,0.0348f,0.9992f,0.0173f,-0.5952f,0.003f,0.0172f,-0.9998f,0.8649f,0f,0f,0f,1f],start_interpolation: 0,interpolation_duration: 1}
$data merge entity $(bone_top_mouth) {transformation: [-1.0827f,0.0377f,-0.0026f,-0.0445f,0.0377f,1.0825f,0.0187f,-0.5952f,0.0033f,0.0186f,-1.0832f,0.8649f,0f,0f,0f,1f],start_interpolation: 0,interpolation_duration: 1}
$data merge entity $(bone_bottom_mouth) {transformation: [-0.9994f,0.0348f,-0.0024f,-0.0371f,0.0348f,0.9992f,0.0173f,-0.3828f,0.003f,0.0172f,-0.9998f,0.8685f,0f,0f,0f,1f],start_interpolation: 0,interpolation_duration: 1}
$data merge entity $(bone_main_head) {transformation: [-0.9994f,0.0348f,-0.0024f,-0.0396f,0.0348f,0.9992f,0.0173f,-0.3959f,0.003f,0.0172f,-0.9998f,0.1807f,0f,0f,0f,1f],start_interpolation: 0,interpolation_duration: 1}