# This file was generated by Animated Java via MC-Build. It is not recommended to edit this file directly.
$data merge entity $(bone_body) {transformation: [-0.9994f,0.0341f,0.0073f,0f,0.0328f,0.9897f,-0.139f,0.3625f,-0.0119f,-0.1387f,-0.9903f,0.025f,0f,0f,0f,1f],start_interpolation: 0,interpolation_duration: 1}
$data merge entity $(bone_left) {transformation: [-1f,0f,0f,0.025f,0f,0.9976f,0.0698f,-0.047f,0f,0.0698f,-0.9976f,-0.1498f,0f,0f,0f,1f],start_interpolation: 0,interpolation_duration: 1}
$data merge entity $(bone_right) {transformation: [-0.9997f,0f,-0.0262f,0f,-0.0032f,0.9925f,0.1218f,-0.0004f,0.026f,0.1219f,-0.9922f,-0.1189f,0f,0f,0f,1f],start_interpolation: 0,interpolation_duration: 1}
$data merge entity $(bone_right2) {transformation: [-0.9986f,0.0523f,0f,-0.025f,0.0503f,0.9599f,-0.2756f,0.05f,-0.0144f,-0.2753f,-0.9613f,0.225f,0f,0f,0f,1f],start_interpolation: 0,interpolation_duration: 1}
$data merge entity $(bone_left2) {transformation: [-0.9962f,0.0671f,-0.0556f,-0.075f,0.0788f,0.9658f,-0.2469f,0.0671f,0.0372f,-0.2504f,-0.9674f,0.1941f,0f,0f,0f,1f],start_interpolation: 0,interpolation_duration: 1}
$data merge entity $(bone_top_mouth2) {transformation: [-0.9986f,-0.0517f,0.0082f,0.0638f,-0.0506f,0.9933f,0.1042f,-0.4058f,-0.0135f,0.1037f,-0.9945f,0.6362f,0f,0f,0f,1f],start_interpolation: 0,interpolation_duration: 1}
$data merge entity $(bone_top_mouth) {transformation: [-1.0818f,-0.056f,0.0089f,0.0638f,-0.0548f,1.076f,0.1129f,-0.4058f,-0.0146f,0.1123f,-1.0774f,0.6362f,0f,0f,0f,1f],start_interpolation: 0,interpolation_duration: 1}
$data merge entity $(bone_bottom_mouth) {transformation: [-0.9986f,-0.0521f,0.0046f,0.0534f,-0.0506f,0.9836f,0.1733f,-0.1869f,-0.0135f,0.1728f,-0.9849f,0.5836f,0f,0f,0f,1f],start_interpolation: 0,interpolation_duration: 1}
$data merge entity $(bone_main_head) {transformation: [-0.9986f,-0.0517f,0.0082f,0.0597f,-0.0506f,0.9933f,0.1042f,-0.1479f,-0.0135f,0.1037f,-0.9945f,-0.0281f,0f,0f,0f,1f],start_interpolation: 0,interpolation_duration: 1}