# This file was generated by Animated Java via MC-Build. It is not recommended to edit this file directly.
$data merge entity $(bone_body) {transformation: [-0.9986f,0.0518f,0.0073f,0f,0.0492f,0.9769f,-0.2078f,0.3875f,-0.0179f,-0.2072f,-0.9781f,0.0375f,0f,0f,0f,1f],start_interpolation: 0,interpolation_duration: 1}
$data merge entity $(bone_left) {transformation: [-1f,0f,0f,0.0375f,0f,0.9945f,0.1045f,-0.0682f,0f,0.1045f,-0.9945f,-0.2244f,0f,0f,0f,1f],start_interpolation: 0,interpolation_duration: 1}
$data merge entity $(bone_right) {transformation: [-0.9992f,0f,-0.0393f,0f,-0.0072f,0.9833f,0.1821f,-0.0013f,0.0386f,0.1822f,-0.9825f,-0.1738f,0f,0f,0f,1f],start_interpolation: 0,interpolation_duration: 1}
$data merge entity $(bone_right2) {transformation: [-0.9969f,0.0785f,0f,-0.0375f,0.0717f,0.9107f,-0.4067f,0.075f,-0.0319f,-0.4055f,-0.9135f,0.3375f,0f,0f,0f,1f],start_interpolation: 0,interpolation_duration: 1}
$data merge entity $(bone_left2) {transformation: [-0.9915f,0.1016f,-0.0818f,-0.1125f,0.1245f,0.9237f,-0.3623f,0.094f,0.0388f,-0.3694f,-0.9285f,0.288f,0f,0f,0f,1f],start_interpolation: 0,interpolation_duration: 1}
$data merge entity $(bone_top_mouth2) {transformation: [-0.9969f,-0.078f,0.0082f,0.0983f,-0.0758f,0.9848f,0.1562f,-0.3207f,-0.0203f,0.1551f,-0.9877f,0.5152f,0f,0f,0f,1f],start_interpolation: 0,interpolation_duration: 1}
$data merge entity $(bone_top_mouth) {transformation: [-1.08f,-0.0845f,0.0089f,0.0983f,-0.0821f,1.0669f,0.1693f,-0.3207f,-0.022f,0.1681f,-1.07f,0.5152f,0f,0f,0f,1f],start_interpolation: 0,interpolation_duration: 1}
$data merge entity $(bone_bottom_mouth) {transformation: [-0.9969f,-0.0785f,0f,0.0817f,-0.0758f,0.9631f,0.2583f,-0.0815f,-0.0203f,0.2575f,-0.9661f,0.439f,0f,0f,0f,1f],start_interpolation: 0,interpolation_duration: 1}
$data merge entity $(bone_main_head) {transformation: [-0.9969f,-0.078f,0.0082f,0.0893f,-0.0758f,0.9848f,0.1562f,-0.0286f,-0.0203f,0.1551f,-0.9877f,-0.1347f,0f,0f,0f,1f],start_interpolation: 0,interpolation_duration: 1}