# This file was generated by Animated Java via MC-Build. It is not recommended to edit this file directly.
$data merge entity $(bone_body) {transformation: [-0.9976f,0.0696f,0.0049f,0f,0.0656f,0.959f,-0.2756f,0.4125f,-0.0238f,-0.2746f,-0.9613f,0.05f,0f,0f,0f,1f],start_interpolation: 0,interpolation_duration: 1}
$data merge entity $(bone_left) {transformation: [-1f,0f,0f,0.05f,0f,0.9903f,0.1392f,-0.0879f,0f,0.1392f,-0.9903f,-0.2985f,0f,0f,0f,1f],start_interpolation: 0,interpolation_duration: 1}
$data merge entity $(bone_right) {transformation: [-0.9986f,0f,-0.0523f,0f,-0.0127f,0.9703f,0.2416f,-0.003f,0.0508f,0.2419f,-0.969f,-0.2258f,0f,0f,0f,1f],start_interpolation: 0,interpolation_duration: 1}
$data merge entity $(bone_right2) {transformation: [-0.9945f,0.1045f,0f,-0.05f,0.0886f,0.8434f,-0.5299f,0.1f,-0.0554f,-0.527f,-0.848f,0.45f,0f,0f,0f,1f],start_interpolation: 0,interpolation_duration: 1}
$data merge entity $(bone_left2) {transformation: [-0.9848f,0.1366f,-0.1069f,-0.15f,0.1711f,0.8659f,-0.47f,0.1159f,0.0283f,-0.4812f,-0.8762f,0.3811f,0f,0f,0f,1f],start_interpolation: 0,interpolation_duration: 1}
$data merge entity $(bone_top_mouth2) {transformation: [-0.9945f,-0.1044f,0.0055f,0.1343f,-0.101f,0.9729f,0.2079f,-0.2309f,-0.027f,0.2062f,-0.9781f,0.3935f,0f,0f,0f,1f],start_interpolation: 0,interpolation_duration: 1}
$data merge entity $(bone_top_mouth) {transformation: [-1.0774f,-0.1131f,0.0059f,0.1343f,-0.1094f,1.054f,0.2252f,-0.2309f,-0.0293f,0.2233f,-1.0597f,0.3935f,0f,0f,0f,1f],start_interpolation: 0,interpolation_duration: 1}
$data merge entity $(bone_bottom_mouth) {transformation: [-0.9945f,-0.1041f,-0.0091f,0.1103f,-0.101f,0.9345f,0.3412f,0.0313f,-0.027f,0.3403f,-0.9399f,0.2957f,0f,0f,0f,1f],start_interpolation: 0,interpolation_duration: 1}
$data merge entity $(bone_main_head) {transformation: [-0.9945f,-0.1044f,0.0055f,0.1185f,-0.101f,0.9729f,0.2079f,0.0944f,-0.027f,0.2062f,-0.9781f,-0.2403f,0f,0f,0f,1f],start_interpolation: 0,interpolation_duration: 1}