# This file was generated by Animated Java via MC-Build. It is not recommended to edit this file directly.
$data merge entity $(bone_body) {transformation: [-0.9962f,0.0872f,0f,0f,0.0819f,0.9361f,-0.342f,0.4375f,-0.0298f,-0.3407f,-0.9397f,0.0625f,0f,0f,0f,1f],start_interpolation: 0,interpolation_duration: 1}
$data merge entity $(bone_left) {transformation: [-1f,0f,0f,0.0625f,0f,0.9848f,0.1736f,-0.1062f,0f,0.1736f,-0.9848f,-0.3721f,0f,0f,0f,1f],start_interpolation: 0,interpolation_duration: 1}
$data merge entity $(bone_right) {transformation: [-0.9979f,0f,-0.0654f,0f,-0.0197f,0.9537f,0.3001f,-0.0058f,0.0624f,0.3007f,-0.9517f,-0.2749f,0f,0f,0f,1f],start_interpolation: 0,interpolation_duration: 1}
$data merge entity $(bone_right2) {transformation: [-0.9914f,0.1305f,0f,-0.0625f,0.1f,0.7595f,-0.6428f,0.125f,-0.0839f,-0.6373f,-0.766f,0.5625f,0f,0f,0f,1f],start_interpolation: 0,interpolation_duration: 1}
$data merge entity $(bone_left2) {transformation: [-0.9764f,0.1722f,-0.1305f,-0.1875f,0.216f,0.7937f,-0.5687f,0.1327f,0.0057f,-0.5834f,-0.8121f,0.4744f,0f,0f,0f,1f],start_interpolation: 0,interpolation_duration: 1}
$data merge entity $(bone_top_mouth2) {transformation: [-0.9914f,-0.1305f,0f,0.1713f,-0.1261f,0.9577f,0.2588f,-0.1363f,-0.0338f,0.2566f,-0.9659f,0.2712f,0f,0f,0f,1f],start_interpolation: 0,interpolation_duration: 1}
$data merge entity $(bone_top_mouth) {transformation: [-1.0741f,-0.1414f,0f,0.1713f,-0.1366f,1.0375f,0.2804f,-0.1363f,-0.0366f,0.278f,-1.0464f,0.2712f,0f,0f,0f,1f],start_interpolation: 0,interpolation_duration: 1}
$data merge entity $(bone_bottom_mouth) {transformation: [-0.9914f,-0.1285f,-0.0227f,0.1387f,-0.1261f,0.8982f,0.4212f,0.1516f,-0.0338f,0.4204f,-0.9067f,0.1542f,0f,0f,0f,1f],start_interpolation: 0,interpolation_duration: 1}
$data merge entity $(bone_main_head) {transformation: [-0.9914f,-0.1305f,0f,0.1468f,-0.1261f,0.9577f,0.2588f,0.2212f,-0.0338f,0.2566f,-0.9659f,-0.3448f,0f,0f,0f,1f],start_interpolation: 0,interpolation_duration: 1}