# This file was generated by Animated Java via MC-Build. It is not recommended to edit this file directly.
$data merge entity $(bone_body) {transformation: [-0.9986f,0.0469f,0.0235f,0f,0.041f,0.9771f,-0.2086f,0.4375f,-0.0328f,-0.2074f,-0.9777f,0.0375f,0f,0f,0f,1f],start_interpolation: 0,interpolation_duration: 1}
$data merge entity $(bone_left) {transformation: [-0.9994f,-0.0349f,-0.0012f,0.075f,-0.0339f,0.9606f,0.2759f,-0.06f,-0.0085f,0.2758f,-0.9612f,-0.4073f,0f,0f,0f,1f],start_interpolation: 0,interpolation_duration: 1}
$data merge entity $(bone_right) {transformation: [-0.9969f,0f,-0.0785f,0.0125f,-0.0288f,0.9304f,0.3654f,0.0101f,0.073f,0.3665f,-0.9275f,-0.3125f,0f,0f,0f,1f],start_interpolation: 0,interpolation_duration: 1}
$data merge entity $(bone_right2) {transformation: [-0.9976f,0.0698f,0f,-0.025f,0.0607f,0.8682f,-0.4924f,0.1109f,-0.0343f,-0.4912f,-0.8704f,0.4438f,0f,0f,0f,1f],start_interpolation: 0,interpolation_duration: 1}
$data merge entity $(bone_left2) {transformation: [-0.988f,0.1193f,-0.0985f,-0.1375f,0.1508f,0.8851f,-0.4402f,0.1127f,0.0347f,-0.4498f,-0.8925f,0.371f,0f,0f,0f,1f],start_interpolation: 0,interpolation_duration: 1}
$data merge entity $(bone_top_mouth2) {transformation: [-0.9975f,-0.07f,0.0085f,0.0876f,-0.0663f,0.9723f,0.2241f,-0.2632f,-0.024f,0.223f,-0.9745f,0.3821f,0f,0f,0f,1f],start_interpolation: 0,interpolation_duration: 1}
$data merge entity $(bone_top_mouth) {transformation: [-1.0806f,-0.0759f,0.0093f,0.0876f,-0.0719f,1.0533f,0.2428f,-0.2632f,-0.026f,0.2415f,-1.0557f,0.3821f,0f,0f,0f,1f],start_interpolation: 0,interpolation_duration: 1}
$data merge entity $(bone_bottom_mouth) {transformation: [-0.9975f,-0.0705f,-0.0013f,0.0705f,-0.0663f,0.9317f,0.3572f,0.0256f,-0.024f,0.3564f,-0.934f,0.2945f,0f,0f,0f,1f],start_interpolation: 0,interpolation_duration: 1}
$data merge entity $(bone_main_head) {transformation: [-0.9975f,-0.07f,0.0085f,0.0804f,-0.0663f,0.9723f,0.2241f,0.0732f,-0.024f,0.223f,-0.9745f,-0.2461f,0f,0f,0f,1f],start_interpolation: 0,interpolation_duration: 1}