# This file was generated by Animated Java via MC-Build. It is not recommended to edit this file directly.
$data merge entity $(bone_body) {transformation: [-0.9994f,0.0025f,0.0357f,0f,0f,0.9975f,-0.0701f,0.4375f,-0.0357f,-0.0701f,-0.9969f,0.0125f,0f,0f,0f,1f],start_interpolation: 0,interpolation_duration: 1}
$data merge entity $(bone_left) {transformation: [-0.9976f,-0.0696f,-0.0049f,0.0875f,-0.0663f,0.9247f,0.3749f,-0.0123f,-0.0216f,0.3743f,-0.9271f,-0.4415f,0f,0f,0f,1f],start_interpolation: 0,interpolation_duration: 1}
$data merge entity $(bone_right) {transformation: [-0.9958f,0f,-0.0915f,0.025f,-0.0394f,0.9026f,0.4287f,0.0285f,0.0826f,0.4305f,-0.8988f,-0.3528f,0f,0f,0f,1f],start_interpolation: 0,interpolation_duration: 1}
$data merge entity $(bone_right2) {transformation: [-1f,0.0087f,0f,0.0125f,0.0083f,0.9455f,-0.3256f,0.0986f,-0.0028f,-0.3256f,-0.9455f,0.3294f,0f,0f,0f,1f],start_interpolation: 0,interpolation_duration: 1}
$data merge entity $(bone_left2) {transformation: [-0.9957f,0.0674f,-0.0638f,-0.0875f,0.0834f,0.9513f,-0.2967f,0.0901f,0.0407f,-0.3008f,-0.9528f,0.2662f,0f,0f,0f,1f],start_interpolation: 0,interpolation_duration: 1}
$data merge entity $(bone_top_mouth2) {transformation: [-0.9999f,-0.0089f,0.0128f,0.0053f,-0.0063f,0.9819f,0.1891f,-0.3833f,-0.0142f,0.189f,-0.9819f,0.4929f,0f,0f,0f,1f],start_interpolation: 0,interpolation_duration: 1}
$data merge entity $(bone_top_mouth) {transformation: [-1.0832f,-0.0097f,0.0138f,0.0053f,-0.0069f,1.0638f,0.2049f,-0.3833f,-0.0154f,0.2048f,-1.0637f,0.4929f,0f,0f,0f,1f],start_interpolation: 0,interpolation_duration: 1}
$data merge entity $(bone_bottom_mouth) {transformation: [-0.9999f,-0.0102f,0.0118f,0.0043f,-0.0063f,0.9568f,0.2907f,-0.092f,-0.0142f,0.2906f,-0.9567f,0.4344f,0f,0f,0f,1f],start_interpolation: 0,interpolation_duration: 1}
$data merge entity $(bone_main_head) {transformation: [-0.9999f,-0.0089f,0.0128f,0.0124f,-0.0063f,0.9819f,0.1891f,-0.0692f,-0.0142f,0.189f,-0.9819f,-0.1467f,0f,0f,0f,1f],start_interpolation: 0,interpolation_duration: 1}