# This file was generated by Animated Java via MC-Build. It is not recommended to edit this file directly.
$data merge entity $(bone_body) {transformation: [-0.9984f,-0.0436f,0.0358f,0f,-0.041f,0.9967f,0.0701f,0.4375f,-0.0387f,0.0685f,-0.9969f,-0.0125f,0f,0f,0f,1f],start_interpolation: 0,interpolation_duration: 1}
$data merge entity $(bone_left) {transformation: [-0.9945f,-0.104f,-0.0109f,0.1f,-0.0969f,0.8777f,0.4694f,0.0367f,-0.0392f,0.4678f,-0.8829f,-0.4745f,0f,0f,0f,1f],start_interpolation: 0,interpolation_duration: 1}
$data merge entity $(bone_right) {transformation: [-0.9945f,0f,-0.1045f,0.0375f,-0.0515f,0.8704f,0.4897f,0.0495f,0.091f,0.4924f,-0.8656f,-0.3955f,0f,0f,0f,1f],start_interpolation: 0,interpolation_duration: 1}
$data merge entity $(bone_right2) {transformation: [-0.9986f,-0.0523f,0f,0.05f,-0.0518f,0.9877f,-0.1478f,0.0871f,0.0077f,-0.1476f,-0.989f,0.2195f,0f,0f,0f,1f],start_interpolation: 0,interpolation_duration: 1}
$data merge entity $(bone_left2) {transformation: [-0.9995f,0.0167f,-0.0265f,-0.0375f,0.0203f,0.9898f,-0.1413f,0.0655f,0.0239f,-0.1417f,-0.9896f,0.1595f,0f,0f,0f,1f],start_interpolation: 0,interpolation_duration: 1}
$data merge entity $(bone_top_mouth2) {transformation: [-0.9985f,0.0524f,0.0127f,-0.0751f,0.0537f,0.9866f,0.1543f,-0.497f,-0.0044f,0.1548f,-0.9879f,0.6033f,0f,0f,0f,1f],start_interpolation: 0,interpolation_duration: 1}
$data merge entity $(bone_top_mouth) {transformation: [-1.0818f,0.0567f,0.0137f,-0.0751f,0.0582f,1.0688f,0.1672f,-0.497f,-0.0048f,0.1677f,-1.0703f,0.6033f,0f,0f,0f,1f],start_interpolation: 0,interpolation_duration: 1}
$data merge entity $(bone_bottom_mouth) {transformation: [-0.9985f,0.0514f,0.0163f,-0.0591f,0.0537f,0.9734f,0.2228f,-0.2018f,-0.0044f,0.2233f,-0.9747f,0.5737f,0f,0f,0f,1f],start_interpolation: 0,interpolation_duration: 1}
$data merge entity $(bone_main_head) {transformation: [-0.9985f,0.0524f,0.0127f,-0.0565f,0.0537f,0.9866f,0.1543f,-0.2059f,-0.0044f,0.1548f,-0.9879f,-0.0469f,0f,0f,0f,1f],start_interpolation: 0,interpolation_duration: 1}