# This file was generated by Animated Java via MC-Build. It is not recommended to edit this file directly.
$data merge entity $(bone_body) {transformation: [-0.9958f,-0.0888f,0.0238f,0f,-0.0819f,0.9746f,0.2086f,0.4375f,-0.0417f,0.2058f,-0.9777f,-0.0375f,0f,0f,0f,1f],start_interpolation: 0,interpolation_duration: 1}
$data merge entity $(bone_left) {transformation: [-0.9903f,-0.1378f,-0.0194f,0.1125f,-0.1251f,0.8202f,0.5582f,0.0871f,-0.061f,0.5552f,-0.8295f,-0.5063f,0f,0f,0f,1f],start_interpolation: 0,interpolation_duration: 1}
$data merge entity $(bone_right) {transformation: [-0.9931f,0f,-0.1175f,0.05f,-0.0649f,0.8339f,0.5481f,0.0734f,0.098f,0.5519f,-0.8281f,-0.4404f,0f,0f,0f,1f],start_interpolation: 0,interpolation_duration: 1}
$data merge entity $(bone_right2) {transformation: [-0.9936f,-0.1132f,0f,0.0875f,-0.1131f,0.993f,0.0349f,0.075f,-0.004f,0.0347f,-0.9994f,0.1142f,0f,0f,0f,1f],start_interpolation: 0,interpolation_duration: 1}
$data merge entity $(bone_left2) {transformation: [-0.9994f,-0.0325f,0.0128f,0.0125f,-0.0322f,0.9992f,0.0221f,0.0397f,-0.0135f,0.0217f,-0.9997f,0.0505f,0f,0f,0f,1f],start_interpolation: 0,interpolation_duration: 1}
$data merge entity $(bone_top_mouth2) {transformation: [-0.9935f,0.1134f,0.0084f,-0.153f,0.1136f,0.9862f,0.1202f,-0.6045f,0.0054f,0.1204f,-0.9927f,0.7133f,0f,0f,0f,1f],start_interpolation: 0,interpolation_duration: 1}
$data merge entity $(bone_top_mouth) {transformation: [-1.0763f,0.1228f,0.0091f,-0.153f,0.123f,1.0684f,0.1302f,-0.6045f,0.0058f,0.1304f,-1.0754f,0.7133f,0f,0f,0f,1f],start_interpolation: 0,interpolation_duration: 1}
$data merge entity $(bone_bottom_mouth) {transformation: [-0.9935f,0.113f,0.0123f,-0.1187f,0.1136f,0.9814f,0.1546f,-0.3042f,0.0054f,0.155f,-0.9879f,0.7122f,0f,0f,0f,1f],start_interpolation: 0,interpolation_duration: 1}
$data merge entity $(bone_main_head) {transformation: [-0.9935f,0.1134f,0.0084f,-0.126f,0.1136f,0.9862f,0.1202f,-0.337f,0.0054f,0.1204f,-0.9927f,0.0534f,0f,0f,0f,1f],start_interpolation: 0,interpolation_duration: 1}