# This file was generated by Animated Java via MC-Build. It is not recommended to edit this file directly.
$data merge entity $(bone_legs) {transformation: [-1f,0f,0f,0f,0f,1f,0.0044f,1.25f,0f,0.0044f,-1f,0f,0f,0f,0f,1f],start_interpolation: 0,interpolation_duration: 1}
$data merge entity $(bone_backbling) {transformation: [-1f,0f,0f,0f,0f,1f,0.0022f,2.6885f,0f,0.0022f,-1f,-0.4344f,0f,0f,0f,1f],start_interpolation: 0,interpolation_duration: 1}
$data merge entity $(bone_top) {transformation: [-1f,0f,0f,0f,0f,1f,0.0022f,2.125f,0f,0.0022f,-1f,0.0019f,0f,0f,0f,1f],start_interpolation: 0,interpolation_duration: 1}
$data merge entity $(bone_body) {transformation: [-1f,0f,0f,0f,0f,1f,0.0022f,1.25f,0f,0.0022f,-1f,0f,0f,0f,0f,1f],start_interpolation: 0,interpolation_duration: 1}
$data merge entity $(bone_right1) {transformation: [-0.9908f,0.1285f,-0.0412f,-0.5f,0.1228f,0.7317f,-0.6704f,2.375f,-0.0561f,-0.6694f,-0.7408f,0.0312f,0f,0f,0f,1f],start_interpolation: 0,interpolation_duration: 1}
$data merge entity $(bone_left1) {transformation: [-0.9995f,0.0068f,0.0298f,0.5f,0.0027f,0.9909f,-0.1345f,2.375f,-0.0304f,-0.1344f,-0.9905f,0.0313f,0f,0f,0f,1f],start_interpolation: 0,interpolation_duration: 1}
$data merge entity $(bone_left2) {transformation: [-0.9999f,0.0039f,-0.0125f,0.5f,0.0051f,0.9951f,-0.0986f,2.5f,0.0121f,-0.0986f,-0.9951f,-0.2187f,0f,0f,0f,1f],start_interpolation: 0,interpolation_duration: 1}
$data merge entity $(bone_right2) {transformation: [-0.9998f,0.0106f,0.0161f,-0.5f,0.0091f,0.9957f,-0.0918f,2.5f,-0.017f,-0.0917f,-0.9956f,-0.2188f,0f,0f,0f,1f],start_interpolation: 0,interpolation_duration: 1}
$data merge entity $(bone_head) {transformation: [-1f,0f,0f,0f,0f,1f,-0.0044f,2.625f,0f,-0.0044f,-1f,0.1281f,0f,0f,0f,1f],start_interpolation: 0,interpolation_duration: 1}
$data merge entity $(bone_spinny_part) {transformation: [0f,-0.0022f,1f,-0.5863f,0f,1f,0.0022f,2.3437f,-1f,0f,0f,0.8313f,0f,0f,0f,1f],start_interpolation: 0,interpolation_duration: 1}
$data merge entity $(bone_staff) {transformation: [0f,-0.0038f,1.7292f,-0.5813f,0f,1.7292f,0.0038f,0.0313f,-1.7292f,0f,0f,0.8313f,0f,0f,0f,1f],start_interpolation: 0,interpolation_duration: 1}
data modify entity @s data merge value {"cameras":{"camera":{"posx":-6.158120796161027e-17,"posy":2.689135646026826,"posz":0.5028487234399788,"roty":0,"rotx":-0.25}},"locators":{}}