# This file was generated by Animated Java via MC-Build. It is not recommended to edit this file directly.
$data merge entity $(bone_legs) {transformation: [-1f,0f,0f,0f,0f,0.999f,0.0436f,1.25f,0f,0.0436f,-0.999f,0f,0f,0f,0f,1f],start_interpolation: 0,interpolation_duration: 1}
$data merge entity $(bone_backbling) {transformation: [-1f,0f,0f,0f,0f,0.9998f,0.0218f,2.6967f,0f,0.0218f,-0.9998f,-0.406f,0f,0f,0f,1f],start_interpolation: 0,interpolation_duration: 1}
$data merge entity $(bone_top) {transformation: [-1f,0f,0f,0f,0f,0.9998f,0.0218f,2.1248f,0f,0.0218f,-0.9998f,0.0191f,0f,0f,0f,1f],start_interpolation: 0,interpolation_duration: 1}
$data merge entity $(bone_body) {transformation: [-1f,0f,0f,0f,0f,0.9998f,0.0218f,1.25f,0f,0.0218f,-0.9998f,0f,0f,0f,0f,1f],start_interpolation: 0,interpolation_duration: 1}
$data merge entity $(bone_right1) {transformation: [-0.9239f,-0.3827f,0f,-0.5f,-0.0167f,0.0403f,-0.999f,2.375f,0.3823f,-0.923f,-0.0436f,0.0312f,0f,0f,0f,1f],start_interpolation: 0,interpolation_duration: 1}
$data merge entity $(bone_left1) {transformation: [-0.9537f,0.2981f,0.0392f,0.5f,0.0262f,0.2124f,-0.9768f,2.375f,-0.2996f,-0.9306f,-0.2104f,0.0313f,0f,0f,0f,1f],start_interpolation: 0,interpolation_duration: 1}
$data merge entity $(bone_left2) {transformation: [-0.9914f,-0.0723f,-0.1088f,0.5f,0.0507f,0.5548f,-0.8304f,2.5f,0.1204f,-0.8288f,-0.5464f,-0.2187f,0f,0f,0f,1f],start_interpolation: 0,interpolation_duration: 1}
$data merge entity $(bone_right2) {transformation: [-0.9815f,0.1892f,0.0304f,-0.5f,0.0895f,0.5926f,-0.8005f,2.5f,-0.1695f,-0.7829f,-0.5986f,-0.2188f,0f,0f,0f,1f],start_interpolation: 0,interpolation_duration: 1}
$data merge entity $(bone_head) {transformation: [-1f,0f,0f,0f,0f,0.999f,-0.0436f,2.625f,0f,-0.0436f,-0.999f,0.1563f,0f,0f,0f,1f],start_interpolation: 0,interpolation_duration: 1}
$data merge entity $(bone_spinny_part) {transformation: [0f,-0.0218f,0.9998f,0.0433f,0f,0.9998f,0.0218f,3.1869f,-1f,0f,0f,1.2813f,0f,0f,0f,1f],start_interpolation: 0,interpolation_duration: 1}
$data merge entity $(bone_staff) {transformation: [0f,-0.0377f,1.7288f,0.0937f,0f,1.7288f,0.0377f,0.875f,-1.7292f,0f,0f,1.2813f,0f,0f,0f,1f],start_interpolation: 0,interpolation_duration: 1}
data modify entity @s data merge value {"cameras":{"camera":{"posx":-6.468178684546952e-17,"posy":2.703797784110867,"posz":0.5281668713828631,"roty":0,"rotx":-2.5}},"locators":{}}