# This file was generated by Animated Java via MC-Build. It is not recommended to edit this file directly.
$data merge entity $(bone_legs) {transformation: [-1f,0f,0f,0f,0f,0.9988f,0.048f,1.25f,0f,0.048f,-0.9988f,0f,0f,0f,0f,1f],start_interpolation: 0,interpolation_duration: 1}
$data merge entity $(bone_backbling) {transformation: [-1f,0f,0f,0f,0f,0.9997f,0.024f,2.6976f,0f,0.024f,-0.9997f,-0.4029f,0f,0f,0f,1f],start_interpolation: 0,interpolation_duration: 1}
$data merge entity $(bone_top) {transformation: [-1f,0f,0f,0f,0f,0.9997f,0.024f,2.1247f,0f,0.024f,-0.9997f,0.021f,0f,0f,0f,1f],start_interpolation: 0,interpolation_duration: 1}
$data merge entity $(bone_body) {transformation: [-1f,0f,0f,0f,0f,0.9997f,0.024f,1.25f,0f,0.024f,-0.9997f,0f,0f,0f,0f,1f],start_interpolation: 0,interpolation_duration: 1}
$data merge entity $(bone_right1) {transformation: [-0.9255f,-0.3786f,0f,-0.5f,-0.0165f,0.0404f,-0.999f,2.375f,0.3783f,-0.9247f,-0.0436f,0.0312f,0f,0f,0f,1f],start_interpolation: 0,interpolation_duration: 1}
$data merge entity $(bone_left1) {transformation: [-0.9524f,0.3023f,0.0392f,0.5f,0.0271f,0.2123f,-0.9768f,2.375f,-0.3036f,-0.9293f,-0.2104f,0.0313f,0f,0f,0f,1f],start_interpolation: 0,interpolation_duration: 1}
$data merge entity $(bone_left2) {transformation: [-0.9896f,-0.0909f,-0.1112f,0.5f,0.0557f,0.4712f,-0.8803f,2.5f,0.1324f,-0.8773f,-0.4613f,-0.2187f,0f,0f,0f,1f],start_interpolation: 0,interpolation_duration: 1}
$data merge entity $(bone_right2) {transformation: [-0.9776f,0.21f,0.014f,-0.5f,0.0981f,0.5136f,-0.8524f,2.5f,-0.1863f,-0.8319f,-0.5227f,-0.2188f,0f,0f,0f,1f],start_interpolation: 0,interpolation_duration: 1}
$data merge entity $(bone_head) {transformation: [-1f,0f,0f,0f,0f,0.9988f,-0.048f,2.625f,0f,-0.048f,-0.9988f,0.1594f,0f,0f,0f,1f],start_interpolation: 0,interpolation_duration: 1}
$data merge entity $(bone_spinny_part) {transformation: [0.3089f,-0.024f,0.9508f,0.0351f,0.0074f,0.9997f,0.0228f,3.1931f,-0.9511f,0f,0.309f,1.2813f,0f,0f,0f,1f],start_interpolation: 0,interpolation_duration: 1}
$data merge entity $(bone_staff) {transformation: [0f,-0.0415f,1.7287f,0.0906f,0f,1.7287f,0.0415f,0.8813f,-1.7292f,0f,0f,1.2813f,0f,0f,0f,1f],start_interpolation: 0,interpolation_duration: 1}
data modify entity @s data merge value {"cameras":{"camera":{"posx":-6.502194970222978e-17,"posy":2.7054198223508132,"posz":0.5309445118992725,"roty":0,"rotx":-2.75}},"locators":{}}