# This file was generated by Animated Java via MC-Build. It is not recommended to edit this file directly.
$data merge entity $(bone_legs) {transformation: [-1f,0f,0f,0f,0f,0.9986f,0.0523f,1.25f,0f,0.0523f,-0.9986f,0f,0f,0f,0f,1f],start_interpolation: 0,interpolation_duration: 1}
$data merge entity $(bone_backbling) {transformation: [-1f,0f,0f,0f,0f,0.9997f,0.0262f,2.6985f,0f,0.0262f,-0.9997f,-0.3997f,0f,0f,0f,1f],start_interpolation: 0,interpolation_duration: 1}
$data merge entity $(bone_top) {transformation: [-1f,0f,0f,0f,0f,0.9997f,0.0262f,2.1247f,0f,0.0262f,-0.9997f,0.0229f,0f,0f,0f,1f],start_interpolation: 0,interpolation_duration: 1}
$data merge entity $(bone_body) {transformation: [-1f,0f,0f,0f,0f,0.9997f,0.0262f,1.25f,0f,0.0262f,-0.9997f,0f,0f,0f,0f,1f],start_interpolation: 0,interpolation_duration: 1}
$data merge entity $(bone_right1) {transformation: [-0.9272f,-0.3746f,0f,-0.5f,-0.0163f,0.0405f,-0.999f,2.375f,0.3742f,-0.9263f,-0.0436f,0.0312f,0f,0f,0f,1f],start_interpolation: 0,interpolation_duration: 1}
$data merge entity $(bone_left1) {transformation: [-0.9511f,0.3064f,0.0392f,0.5f,0.0281f,0.2122f,-0.9768f,2.375f,-0.3077f,-0.9279f,-0.2105f,0.0313f,0f,0f,0f,1f],start_interpolation: 0,interpolation_duration: 1}
$data merge entity $(bone_left2) {transformation: [-0.9877f,-0.1105f,-0.1109f,0.5f,0.0606f,0.3833f,-0.9216f,2.5f,0.1444f,-0.917f,-0.3719f,-0.2187f,0f,0f,0f,1f],start_interpolation: 0,interpolation_duration: 1}
$data merge entity $(bone_right2) {transformation: [-0.9734f,0.2292f,-0.0059f,-0.5f,0.1066f,0.4297f,-0.8967f,2.5f,-0.203f,-0.8734f,-0.4427f,-0.2188f,0f,0f,0f,1f],start_interpolation: 0,interpolation_duration: 1}
$data merge entity $(bone_head) {transformation: [-1f,0f,0f,0f,0f,0.9986f,-0.0523f,2.625f,0f,-0.0523f,-0.9986f,0.1625f,0f,0f,0f,1f],start_interpolation: 0,interpolation_duration: 1}
$data merge entity $(bone_spinny_part) {transformation: [0.5876f,-0.0262f,0.8087f,0.027f,0.0154f,0.9997f,0.0212f,3.1992f,-0.809f,0f,0.5878f,1.2813f,0f,0f,0f,1f],start_interpolation: 0,interpolation_duration: 1}
$data merge entity $(bone_staff) {transformation: [0f,-0.0453f,1.7286f,0.0875f,0f,1.7286f,0.0453f,0.8875f,-1.7292f,0f,0f,1.2813f,0f,0f,0f,1f],start_interpolation: 0,interpolation_duration: 1}
data modify entity @s data merge value {"cameras":{"camera":{"posx":-6.536124622573174e-17,"posy":2.707040329513265,"posz":0.5337150782677812,"roty":0,"rotx":-3.0000000000000004}},"locators":{}}