# This file was generated by Animated Java via MC-Build. It is not recommended to edit this file directly.
$data merge entity $(bone_legs) {transformation: [-1f,0f,0f,0f,0f,0.9981f,0.061f,1.25f,0f,0.061f,-0.9981f,0f,0f,0f,0f,1f],start_interpolation: 0,interpolation_duration: 1}
$data merge entity $(bone_backbling) {transformation: [-1f,0f,0f,0f,0f,0.9995f,0.0305f,2.7002f,0f,0.0305f,-0.9995f,-0.3934f,0f,0f,0f,1f],start_interpolation: 0,interpolation_duration: 1}
$data merge entity $(bone_top) {transformation: [-1f,0f,0f,0f,0f,0.9995f,0.0305f,2.1246f,0f,0.0305f,-0.9995f,0.0267f,0f,0f,0f,1f],start_interpolation: 0,interpolation_duration: 1}
$data merge entity $(bone_body) {transformation: [-1f,0f,0f,0f,0f,0.9995f,0.0305f,1.25f,0f,0.0305f,-0.9995f,0f,0f,0f,0f,1f],start_interpolation: 0,interpolation_duration: 1}
$data merge entity $(bone_right1) {transformation: [-0.9304f,-0.3665f,0f,-0.5f,-0.016f,0.0406f,-0.999f,2.375f,0.3662f,-0.9295f,-0.0436f,0.0312f,0f,0f,0f,1f],start_interpolation: 0,interpolation_duration: 1}
$data merge entity $(bone_left1) {transformation: [-0.9484f,0.3147f,0.0392f,0.5f,0.0299f,0.212f,-0.9768f,2.375f,-0.3158f,-0.9252f,-0.2105f,0.0313f,0f,0f,0f,1f],start_interpolation: 0,interpolation_duration: 1}
$data merge entity $(bone_left2) {transformation: [-0.9832f,-0.1515f,-0.1015f,0.5f,0.0704f,0.1979f,-0.9777f,2.5f,0.1682f,-0.9684f,-0.1839f,-0.2187f,0f,0f,0f,1f],start_interpolation: 0,interpolation_duration: 1}
$data merge entity $(bone_right2) {transformation: [-0.9638f,0.2606f,-0.0558f,-0.5f,0.1234f,0.2506f,-0.9602f,2.5f,-0.2362f,-0.9324f,-0.2737f,-0.2188f,0f,0f,0f,1f],start_interpolation: 0,interpolation_duration: 1}
$data merge entity $(bone_head) {transformation: [-1f,0f,0f,0f,0f,0.9981f,-0.061f,2.625f,0f,-0.061f,-0.9981f,0.1688f,0f,0f,0f,1f],start_interpolation: 0,interpolation_duration: 1}
$data merge entity $(bone_spinny_part) {transformation: [0.9506f,-0.0305f,0.3089f,0.0106f,0.029f,0.9995f,0.0094f,3.2114f,-0.309f,0f,0.9511f,1.2813f,0f,0f,0f,1f],start_interpolation: 0,interpolation_duration: 1}
$data merge entity $(bone_staff) {transformation: [0f,-0.0528f,1.7284f,0.0812f,0f,1.7284f,0.0528f,0.9f,-1.7292f,0f,0f,1.2813f,0f,0f,0f,1f],start_interpolation: 0,interpolation_duration: 1}
data modify entity @s data merge value {"cameras":{"camera":{"posx":-6.603724359495899e-17,"posy":2.710276627226938,"posz":0.5392350156872716,"roty":0,"rotx":-3.5}},"locators":{}}