# This file was generated by Animated Java via MC-Build. It is not recommended to edit this file directly.
$data merge entity $(bone_legs) {transformation: [-1f,0f,0f,0f,0f,0.9979f,0.0654f,1.25f,0f,0.0654f,-0.9979f,0f,0f,0f,0f,1f],start_interpolation: 0,interpolation_duration: 1}
$data merge entity $(bone_backbling) {transformation: [-1f,0f,0f,0f,0f,0.9995f,0.0327f,2.701f,0f,0.0327f,-0.9995f,-0.3902f,0f,0f,0f,1f],start_interpolation: 0,interpolation_duration: 1}
$data merge entity $(bone_top) {transformation: [-1f,0f,0f,0f,0f,0.9995f,0.0327f,2.1245f,0f,0.0327f,-0.9995f,0.0286f,0f,0f,0f,1f],start_interpolation: 0,interpolation_duration: 1}
$data merge entity $(bone_body) {transformation: [-1f,0f,0f,0f,0f,0.9995f,0.0327f,1.25f,0f,0.0327f,-0.9995f,0f,0f,0f,0f,1f],start_interpolation: 0,interpolation_duration: 1}
$data merge entity $(bone_right1) {transformation: [-0.932f,-0.3624f,0f,-0.5f,-0.0158f,0.0407f,-0.999f,2.375f,0.3621f,-0.9311f,-0.0436f,0.0312f,0f,0f,0f,1f],start_interpolation: 0,interpolation_duration: 1}
$data merge entity $(bone_left1) {transformation: [-0.947f,0.3189f,0.0392f,0.5f,0.0309f,0.2119f,-0.9768f,2.375f,-0.3198f,-0.9238f,-0.2105f,0.0313f,0f,0f,0f,1f],start_interpolation: 0,interpolation_duration: 1}
$data merge entity $(bone_left2) {transformation: [-0.9808f,-0.1721f,-0.0922f,0.5f,0.0753f,0.1022f,-0.9919f,2.5f,0.1801f,-0.9798f,-0.0873f,-0.2187f,0f,0f,0f,1f],start_interpolation: 0,interpolation_duration: 1}
$data merge entity $(bone_right2) {transformation: [-0.9586f,0.2719f,-0.0852f,-0.5f,0.1316f,0.157f,-0.9788f,2.5f,-0.2527f,-0.9494f,-0.1862f,-0.2188f,0f,0f,0f,1f],start_interpolation: 0,interpolation_duration: 1}
$data merge entity $(bone_head) {transformation: [-1f,0f,0f,0f,0f,0.9979f,-0.0654f,2.625f,0f,-0.0654f,-0.9979f,0.1719f,0f,0f,0f,1f],start_interpolation: 0,interpolation_duration: 1}
$data merge entity $(bone_spinny_part) {transformation: [0.9995f,-0.0327f,0f,0.0025f,0.0327f,0.9995f,0f,3.2175f,0f,0f,1f,1.2813f,0f,0f,0f,1f],start_interpolation: 0,interpolation_duration: 1}
$data merge entity $(bone_staff) {transformation: [0f,-0.0566f,1.7282f,0.0781f,0f,1.7282f,0.0566f,0.9063f,-1.7292f,0f,0f,1.2813f,0f,0f,0f,1f],start_interpolation: 0,interpolation_duration: 1}
data modify entity @s data merge value {"cameras":{"camera":{"posx":-6.637394614286242e-17,"posy":2.7118923561637165,"posz":0.5419844006375923,"roty":0,"rotx":-3.7500000000000004}},"locators":{}}