# This file was generated by Animated Java via MC-Build. It is not recommended to edit this file directly.
$data merge entity $(bone_legs) {transformation: [-1f,0f,0f,0f,0f,0.9976f,0.0698f,1.25f,0f,0.0698f,-0.9976f,0f,0f,0f,0f,1f],start_interpolation: 0,interpolation_duration: 1}
$data merge entity $(bone_backbling) {transformation: [-1f,0f,0f,0f,0f,0.9994f,0.0349f,2.7019f,0f,0.0349f,-0.9994f,-0.3871f,0f,0f,0f,1f],start_interpolation: 0,interpolation_duration: 1}
$data merge entity $(bone_top) {transformation: [-1f,0f,0f,0f,0f,0.9994f,0.0349f,2.1245f,0f,0.0349f,-0.9994f,0.0305f,0f,0f,0f,1f],start_interpolation: 0,interpolation_duration: 1}
$data merge entity $(bone_body) {transformation: [-1f,0f,0f,0f,0f,0.9994f,0.0349f,1.25f,0f,0.0349f,-0.9994f,0f,0f,0f,0f,1f],start_interpolation: 0,interpolation_duration: 1}
$data merge entity $(bone_right1) {transformation: [-0.9336f,-0.3584f,0f,-0.5f,-0.0156f,0.0407f,-0.999f,2.375f,0.358f,-0.9327f,-0.0436f,0.0312f,0f,0f,0f,1f],start_interpolation: 0,interpolation_duration: 1}
$data merge entity $(bone_left1) {transformation: [-0.9456f,0.323f,0.0392f,0.5f,0.0318f,0.2117f,-0.9768f,2.375f,-0.3238f,-0.9224f,-0.2105f,0.0313f,0f,0f,0f,1f],start_interpolation: 0,interpolation_duration: 1}
$data merge entity $(bone_left2) {transformation: [-0.9781f,-0.1921f,-0.0798f,0.5f,0.0801f,0.0058f,-0.9968f,2.5f,0.192f,-0.9814f,0.0097f,-0.2187f,0f,0f,0f,1f],start_interpolation: 0,interpolation_duration: 1}
$data merge entity $(bone_right2) {transformation: [-0.9529f,0.2797f,-0.1171f,-0.5f,0.1396f,0.0618f,-0.9883f,2.5f,-0.2692f,-0.9581f,-0.098f,-0.2188f,0f,0f,0f,1f],start_interpolation: 0,interpolation_duration: 1}
$data merge entity $(bone_head) {transformation: [-1f,0f,0f,0f,0f,0.9976f,-0.0698f,2.625f,0f,-0.0698f,-0.9976f,0.175f,0f,0f,0f,1f],start_interpolation: 0,interpolation_duration: 1}
$data merge entity $(bone_spinny_part) {transformation: [0.9505f,-0.0349f,-0.3088f,-0.0057f,0.0332f,0.9994f,-0.0108f,3.2236f,0.309f,0f,0.9511f,1.2813f,0f,0f,0f,1f],start_interpolation: 0,interpolation_duration: 1}
$data merge entity $(bone_staff) {transformation: [0f,-0.0603f,1.7281f,0.075f,0f,1.7281f,0.0603f,0.9125f,-1.7292f,0f,0f,1.2813f,0f,0f,0f,1f],start_interpolation: 0,interpolation_duration: 1}
data modify entity @s data merge value {"cameras":{"camera":{"posx":-6.670978576183136e-17,"posy":2.713506430795286,"posz":0.5447267392384262,"roty":0,"rotx":-4.000000000000001}},"locators":{}}