# This file was generated by Animated Java via MC-Build. It is not recommended to edit this file directly.
$data merge entity $(bone_legs) {transformation: [-1f,0f,0f,0f,0f,0.9973f,0.0741f,1.25f,0f,0.0741f,-0.9973f,0f,0f,0f,0f,1f],start_interpolation: 0,interpolation_duration: 1}
$data merge entity $(bone_backbling) {transformation: [-1f,0f,0f,0f,0f,0.9993f,0.0371f,2.7027f,0f,0.0371f,-0.9993f,-0.3839f,0f,0f,0f,1f],start_interpolation: 0,interpolation_duration: 1}
$data merge entity $(bone_top) {transformation: [-1f,0f,0f,0f,0f,0.9993f,0.0371f,2.1244f,0f,0.0371f,-0.9993f,0.0324f,0f,0f,0f,1f],start_interpolation: 0,interpolation_duration: 1}
$data merge entity $(bone_body) {transformation: [-1f,0f,0f,0f,0f,0.9993f,0.0371f,1.25f,0f,0.0371f,-0.9993f,0f,0f,0f,0f,1f],start_interpolation: 0,interpolation_duration: 1}
$data merge entity $(bone_right1) {transformation: [-0.9351f,-0.3543f,0f,-0.5f,-0.0155f,0.0408f,-0.999f,2.375f,0.354f,-0.9342f,-0.0436f,0.0312f,0f,0f,0f,1f],start_interpolation: 0,interpolation_duration: 1}
$data merge entity $(bone_left1) {transformation: [-0.9442f,0.3271f,0.0392f,0.5f,0.0327f,0.2116f,-0.9768f,2.375f,-0.3278f,-0.921f,-0.2105f,0.0313f,0f,0f,0f,1f],start_interpolation: 0,interpolation_duration: 1}
$data merge entity $(bone_left2) {transformation: [-0.9753f,-0.2112f,-0.0642f,0.5f,0.0849f,-0.0905f,-0.9923f,2.5f,0.2038f,-0.9732f,0.1062f,-0.2187f,0f,0f,0f,1f],start_interpolation: 0,interpolation_duration: 1}
$data merge entity $(bone_right2) {transformation: [-0.9469f,0.2837f,-0.1511f,-0.5f,0.1476f,-0.034f,-0.9885f,2.5f,-0.2855f,-0.9583f,-0.0097f,-0.2188f,0f,0f,0f,1f],start_interpolation: 0,interpolation_duration: 1}
$data merge entity $(bone_head) {transformation: [-1f,0f,0f,0f,0f,0.9973f,-0.0741f,2.625f,0f,-0.0741f,-0.9973f,0.1781f,0f,0f,0f,1f],start_interpolation: 0,interpolation_duration: 1}
$data merge entity $(bone_spinny_part) {transformation: [0.8085f,-0.0371f,-0.5874f,-0.0139f,0.03f,0.9993f,-0.0218f,3.2297f,0.5878f,0f,0.809f,1.2813f,0f,0f,0f,1f],start_interpolation: 0,interpolation_duration: 1}
$data merge entity $(bone_staff) {transformation: [0f,-0.0641f,1.728f,0.0719f,0f,1.728f,0.0641f,0.9188f,-1.7292f,0f,0f,1.2813f,0f,0f,0f,1f],start_interpolation: 0,interpolation_duration: 1}
data modify entity @s data merge value {"cameras":{"camera":{"posx":-6.704476334406039e-17,"posy":2.7151188203919925,"posz":0.5474620387750947,"roty":0,"rotx":-4.250000000000001}},"locators":{}}