# This file was generated by Animated Java via MC-Build. It is not recommended to edit this file directly.
$data merge entity $(bone_legs) {transformation: [-1f,0f,0f,0f,0f,0.9969f,0.0785f,1.25f,0f,0.0785f,-0.9969f,0f,0f,0f,0f,1f],start_interpolation: 0,interpolation_duration: 1}
$data merge entity $(bone_backbling) {transformation: [-1f,0f,0f,0f,0f,0.9992f,0.0393f,2.7036f,0f,0.0393f,-0.9992f,-0.3807f,0f,0f,0f,1f],start_interpolation: 0,interpolation_duration: 1}
$data merge entity $(bone_top) {transformation: [-1f,0f,0f,0f,0f,0.9992f,0.0393f,2.1243f,0f,0.0393f,-0.9992f,0.0344f,0f,0f,0f,1f],start_interpolation: 0,interpolation_duration: 1}
$data merge entity $(bone_body) {transformation: [-1f,0f,0f,0f,0f,0.9992f,0.0393f,1.25f,0f,0.0393f,-0.9992f,0f,0f,0f,0f,1f],start_interpolation: 0,interpolation_duration: 1}
$data merge entity $(bone_right1) {transformation: [-0.9367f,-0.3502f,0f,-0.5f,-0.0153f,0.0409f,-0.999f,2.375f,0.3499f,-0.9358f,-0.0436f,0.0312f,0f,0f,0f,1f],start_interpolation: 0,interpolation_duration: 1}
$data merge entity $(bone_left1) {transformation: [-0.9427f,0.3312f,0.0392f,0.5f,0.0336f,0.2114f,-0.9768f,2.375f,-0.3319f,-0.9196f,-0.2105f,0.0313f,0f,0f,0f,1f],start_interpolation: 0,interpolation_duration: 1}
$data merge entity $(bone_left2) {transformation: [-0.9724f,-0.229f,-0.0456f,0.5f,0.0897f,-0.1858f,-0.9785f,2.5f,0.2156f,-0.9555f,0.2012f,-0.2187f,0f,0f,0f,1f],start_interpolation: 0,interpolation_duration: 1}
$data merge entity $(bone_right2) {transformation: [-0.9406f,0.2835f,-0.1867f,-0.5f,0.1553f,-0.1295f,-0.9793f,2.5f,-0.3018f,-0.9502f,0.0778f,-0.2188f,0f,0f,0f,1f],start_interpolation: 0,interpolation_duration: 1}
$data merge entity $(bone_head) {transformation: [-1f,0f,0f,0f,0f,0.9969f,-0.0785f,2.625f,0f,-0.0785f,-0.9969f,0.1813f,0f,0f,0f,1f],start_interpolation: 0,interpolation_duration: 1}
$data merge entity $(bone_spinny_part) {transformation: [0.5873f,-0.0393f,-0.8084f,-0.022f,0.0231f,0.9992f,-0.0318f,3.2357f,0.809f,0f,0.5878f,1.2813f,0f,0f,0f,1f],start_interpolation: 0,interpolation_duration: 1}
$data merge entity $(bone_staff) {transformation: [0f,-0.0679f,1.7278f,0.0687f,0f,1.7278f,0.0679f,0.925f,-1.7292f,0f,0f,1.2813f,0f,0f,0f,1f],start_interpolation: 0,interpolation_duration: 1}
data modify entity @s data merge value {"cameras":{"camera":{"posx":-6.737887979815599e-17,"posy":2.7167294942562625,"posz":0.5501903066669327,"roty":0,"rotx":-4.5}},"locators":{}}