# This file was generated by Animated Java via MC-Build. It is not recommended to edit this file directly.
$data merge entity $(bone_legs) {transformation: [-1f,0f,0f,0f,0f,0.9966f,0.0828f,1.25f,0f,0.0828f,-0.9966f,0f,0f,0f,0f,1f],start_interpolation: 0,interpolation_duration: 1}
$data merge entity $(bone_backbling) {transformation: [-1f,0f,0f,0f,0f,0.9991f,0.0414f,2.7044f,0f,0.0414f,-0.9991f,-0.3776f,0f,0f,0f,1f],start_interpolation: 0,interpolation_duration: 1}
$data merge entity $(bone_top) {transformation: [-1f,0f,0f,0f,0f,0.9991f,0.0414f,2.1242f,0f,0.0414f,-0.9991f,0.0363f,0f,0f,0f,1f],start_interpolation: 0,interpolation_duration: 1}
$data merge entity $(bone_body) {transformation: [-1f,0f,0f,0f,0f,0.9991f,0.0414f,1.25f,0f,0.0414f,-0.9991f,0f,0f,0f,0f,1f],start_interpolation: 0,interpolation_duration: 1}
$data merge entity $(bone_right1) {transformation: [-0.9382f,-0.3461f,0f,-0.5f,-0.0151f,0.0409f,-0.999f,2.375f,0.3458f,-0.9373f,-0.0436f,0.0312f,0f,0f,0f,1f],start_interpolation: 0,interpolation_duration: 1}
$data merge entity $(bone_left1) {transformation: [-0.9413f,0.3353f,0.0392f,0.5f,0.0345f,0.2113f,-0.9768f,2.375f,-0.3359f,-0.9181f,-0.2104f,0.0313f,0f,0f,0f,1f],start_interpolation: 0,interpolation_duration: 1}
$data merge entity $(bone_left2) {transformation: [-0.9692f,-0.245f,-0.0242f,0.5f,0.0944f,-0.2791f,-0.9556f,2.5f,0.2274f,-0.9285f,0.2936f,-0.2187f,0f,0f,0f,1f],start_interpolation: 0,interpolation_duration: 1}
$data merge entity $(bone_right2) {transformation: [-0.934f,0.2789f,-0.2234f,-0.5f,0.163f,-0.2239f,-0.9609f,2.5f,-0.318f,-0.9339f,0.1637f,-0.2188f,0f,0f,0f,1f],start_interpolation: 0,interpolation_duration: 1}
$data merge entity $(bone_head) {transformation: [-1f,0f,0f,0f,0f,0.9966f,-0.0828f,2.625f,0f,-0.0828f,-0.9966f,0.1844f,0f,0f,0f,1f],start_interpolation: 0,interpolation_duration: 1}
$data merge entity $(bone_spinny_part) {transformation: [0.3088f,-0.0414f,-0.9502f,-0.0302f,0.0128f,0.9991f,-0.0394f,3.2418f,0.9511f,0f,0.309f,1.2813f,0f,0f,0f,1f],start_interpolation: 0,interpolation_duration: 1}
$data merge entity $(bone_staff) {transformation: [0f,-0.0717f,1.7277f,0.0656f,0f,1.7277f,0.0717f,0.9313f,-1.7292f,0f,0f,1.2813f,0f,0f,0f,1f],start_interpolation: 0,interpolation_duration: 1}
data modify entity @s data merge value {"cameras":{"camera":{"posx":-6.771213604911927e-17,"posy":2.7183384217231867,"posz":0.5529115504671478,"roty":0,"rotx":-4.750000000000001}},"locators":{}}