# This file was generated by Animated Java via MC-Build. It is not recommended to edit this file directly.
$data merge entity $(bone_legs) {transformation: [-1f,0f,0f,0f,0f,1f,0.0087f,1.25f,0f,0.0087f,-1f,0f,0f,0f,0f,1f],start_interpolation: 0,interpolation_duration: 1}
$data merge entity $(bone_backbling) {transformation: [-1f,0f,0f,0f,0f,1f,0.0044f,2.6894f,0f,0.0044f,-1f,-0.4312f,0f,0f,0f,1f],start_interpolation: 0,interpolation_duration: 1}
$data merge entity $(bone_top) {transformation: [-1f,0f,0f,0f,0f,1f,0.0044f,2.125f,0f,0.0044f,-1f,0.0038f,0f,0f,0f,1f],start_interpolation: 0,interpolation_duration: 1}
$data merge entity $(bone_body) {transformation: [-1f,0f,0f,0f,0f,1f,0.0044f,1.25f,0f,0.0044f,-1f,0f,0f,0f,0f,1f],start_interpolation: 0,interpolation_duration: 1}
$data merge entity $(bone_right1) {transformation: [-0.9942f,0.0776f,-0.0744f,-0.5f,0.1074f,0.676f,-0.729f,2.375f,-0.0063f,-0.7328f,-0.6804f,0.0312f,0f,0f,0f,1f],start_interpolation: 0,interpolation_duration: 1}
$data merge entity $(bone_left1) {transformation: [-0.9981f,0.0215f,0.0571f,0.5f,0.0055f,0.9638f,-0.2667f,2.375f,-0.0608f,-0.2659f,-0.9621f,0.0313f,0f,0f,0f,1f],start_interpolation: 0,interpolation_duration: 1}
$data merge entity $(bone_left2) {transformation: [-0.9997f,0.0053f,-0.0257f,0.5f,0.0102f,0.9805f,-0.1961f,2.5f,0.0241f,-0.1962f,-0.9803f,-0.2187f,0f,0f,0f,1f],start_interpolation: 0,interpolation_duration: 1}
$data merge entity $(bone_right2) {transformation: [-0.9993f,0.0241f,0.0302f,-0.5f,0.0182f,0.9829f,-0.1832f,2.5f,-0.0341f,-0.1825f,-0.9826f,-0.2188f,0f,0f,0f,1f],start_interpolation: 0,interpolation_duration: 1}
$data merge entity $(bone_head) {transformation: [-1f,0f,0f,0f,0f,1f,-0.0087f,2.625f,0f,-0.0087f,-1f,0.1313f,0f,0f,0f,1f],start_interpolation: 0,interpolation_duration: 1}
$data merge entity $(bone_spinny_part) {transformation: [0f,-0.0044f,1f,-0.5163f,0f,1f,0.0044f,2.4375f,-1f,0f,0f,0.8812f,0f,0f,0f,1f],start_interpolation: 0,interpolation_duration: 1}
$data merge entity $(bone_staff) {transformation: [0f,-0.0075f,1.7292f,-0.5063f,0f,1.7292f,0.0075f,0.125f,-1.7292f,0f,0f,0.8812f,0f,0f,0f,1f],start_interpolation: 0,interpolation_duration: 1}
data modify entity @s data merge value {"cameras":{"camera":{"posx":-6.192920227838954e-17,"posy":2.690770071003401,"posz":0.5056903126804159,"roty":0,"rotx":-0.5}},"locators":{}}