# This file was generated by Animated Java via MC-Build. It is not recommended to edit this file directly.
$data merge entity $(bone_legs) {transformation: [-1f,0f,0f,0f,0f,0.9962f,0.0872f,1.25f,0f,0.0872f,-0.9962f,0f,0f,0f,0f,1f],start_interpolation: 0,interpolation_duration: 1}
$data merge entity $(bone_backbling) {transformation: [-1f,0f,0f,0f,0f,0.999f,0.0436f,2.7052f,0f,0.0436f,-0.999f,-0.3744f,0f,0f,0f,1f],start_interpolation: 0,interpolation_duration: 1}
$data merge entity $(bone_top) {transformation: [-1f,0f,0f,0f,0f,0.999f,0.0436f,2.1242f,0f,0.0436f,-0.999f,0.0382f,0f,0f,0f,1f],start_interpolation: 0,interpolation_duration: 1}
$data merge entity $(bone_body) {transformation: [-1f,0f,0f,0f,0f,0.999f,0.0436f,1.25f,0f,0.0436f,-0.999f,0f,0f,0f,0f,1f],start_interpolation: 0,interpolation_duration: 1}
$data merge entity $(bone_right1) {transformation: [-0.9397f,-0.342f,0f,-0.5f,-0.0149f,0.041f,-0.999f,2.375f,0.3417f,-0.9388f,-0.0436f,0.0312f,0f,0f,0f,1f],start_interpolation: 0,interpolation_duration: 1}
$data merge entity $(bone_left1) {transformation: [-0.9398f,0.3395f,0.0392f,0.5f,0.0354f,0.2111f,-0.9768f,2.375f,-0.3399f,-0.9166f,-0.2104f,0.0313f,0f,0f,0f,1f],start_interpolation: 0,interpolation_duration: 1}
$data merge entity $(bone_left2) {transformation: [-0.9659f,-0.2588f,0f,0.5f,0.099f,-0.3696f,-0.9239f,2.5f,0.2391f,-0.8924f,0.3827f,-0.2187f,0f,0f,0f,1f],start_interpolation: 0,interpolation_duration: 1}
$data merge entity $(bone_right2) {transformation: [-0.927f,0.2697f,-0.2607f,-0.5f,0.1705f,-0.3162f,-0.9332f,2.5f,-0.3341f,-0.9096f,0.2472f,-0.2188f,0f,0f,0f,1f],start_interpolation: 0,interpolation_duration: 1}
$data merge entity $(bone_head) {transformation: [-1f,0f,0f,0f,0f,0.9962f,-0.0872f,2.625f,0f,-0.0872f,-0.9962f,0.1875f,0f,0f,0f,1f],start_interpolation: 0,interpolation_duration: 1}
$data merge entity $(bone_spinny_part) {transformation: [0f,-0.0436f,-0.999f,-0.0384f,0f,0.999f,-0.0436f,3.2478f,1f,0f,0f,1.2813f,0f,0f,0f,1f],start_interpolation: 0,interpolation_duration: 1}
$data merge entity $(bone_staff) {transformation: [0f,-0.0754f,1.7275f,0.0625f,0f,1.7275f,0.0754f,0.9375f,-1.7292f,0f,0f,1.2813f,0f,0f,0f,1f],start_interpolation: 0,interpolation_duration: 1}
data modify entity @s data merge value {"cameras":{"camera":{"posx":-6.804453303832843e-17,"posy":2.719945572161106,"posz":0.555625777862676,"roty":0,"rotx":-5.000000000000001}},"locators":{}}