# This file was generated by Animated Java via MC-Build. It is not recommended to edit this file directly.
$data merge entity $(bone_legs) {transformation: [-1f,0f,0f,0f,0f,0.9966f,0.0828f,1.25f,0f,0.0828f,-0.9966f,0f,0f,0f,0f,1f],start_interpolation: 0,interpolation_duration: 1}
$data merge entity $(bone_backbling) {transformation: [-1f,0f,0f,0f,0f,0.9991f,0.0414f,2.7044f,0f,0.0414f,-0.9991f,-0.3776f,0f,0f,0f,1f],start_interpolation: 0,interpolation_duration: 1}
$data merge entity $(bone_top) {transformation: [-1f,0f,0f,0f,0f,0.9991f,0.0414f,2.1242f,0f,0.0414f,-0.9991f,0.0363f,0f,0f,0f,1f],start_interpolation: 0,interpolation_duration: 1}
$data merge entity $(bone_body) {transformation: [-1f,0f,0f,0f,0f,0.9991f,0.0414f,1.25f,0f,0.0414f,-0.9991f,0f,0f,0f,0f,1f],start_interpolation: 0,interpolation_duration: 1}
$data merge entity $(bone_right1) {transformation: [-0.9382f,-0.3461f,0.0027f,-0.5f,-0.0147f,0.0322f,-0.9994f,2.375f,0.3458f,-0.9376f,-0.0353f,0.0312f,0f,0f,0f,1f],start_interpolation: 0,interpolation_duration: 1}
$data merge entity $(bone_left1) {transformation: [-0.9413f,0.3357f,0.036f,0.5f,0.0349f,0.2027f,-0.9786f,2.375f,-0.3358f,-0.9199f,-0.2025f,0.0313f,0f,0f,0f,1f],start_interpolation: 0,interpolation_duration: 1}
$data merge entity $(bone_left2) {transformation: [-0.9659f,-0.2588f,-0.0034f,0.5f,0.099f,-0.3575f,-0.9286f,2.5f,0.2391f,-0.8973f,0.371f,-0.2187f,0f,0f,0f,1f],start_interpolation: 0,interpolation_duration: 1}
$data merge entity $(bone_right2) {transformation: [-0.927f,0.2719f,-0.2583f,-0.5f,0.1705f,-0.3081f,-0.936f,2.5f,-0.3341f,-0.9117f,0.2392f,-0.2188f,0f,0f,0f,1f],start_interpolation: 0,interpolation_duration: 1}
$data merge entity $(bone_head) {transformation: [-1f,0f,0f,0f,0f,0.9966f,-0.0828f,2.625f,0f,-0.0828f,-0.9966f,0.1844f,0f,0f,0f,1f],start_interpolation: 0,interpolation_duration: 1}
$data merge entity $(bone_spinny_part) {transformation: [-0.4536f,-0.0393f,-0.8903f,-0.0314f,-0.0178f,0.9992f,-0.035f,3.2545f,0.891f,0f,-0.454f,1.2813f,0f,0f,0f,1f],start_interpolation: 0,interpolation_duration: 1}
$data merge entity $(bone_staff) {transformation: [0f,-0.0679f,1.7278f,0.0594f,0f,1.7278f,0.0679f,0.9438f,-1.7292f,0f,0f,1.2813f,0f,0f,0f,1f],start_interpolation: 0,interpolation_duration: 1}
data modify entity @s data merge value {"cameras":{"camera":{"posx":-6.771213604911927e-17,"posy":2.7183384217231867,"posz":0.5529115504671478,"roty":0,"rotx":-4.750000000000001}},"locators":{}}