# This file was generated by Animated Java via MC-Build. It is not recommended to edit this file directly.
$data merge entity $(bone_legs) {transformation: [-1f,0f,0f,0f,0f,0.9969f,0.0785f,1.25f,0f,0.0785f,-0.9969f,0f,0f,0f,0f,1f],start_interpolation: 0,interpolation_duration: 1}
$data merge entity $(bone_backbling) {transformation: [-1f,0f,0f,0f,0f,0.9992f,0.0393f,2.7036f,0f,0.0393f,-0.9992f,-0.3807f,0f,0f,0f,1f],start_interpolation: 0,interpolation_duration: 1}
$data merge entity $(bone_top) {transformation: [-1f,0f,0f,0f,0f,0.9992f,0.0393f,2.1243f,0f,0.0393f,-0.9992f,0.0344f,0f,0f,0f,1f],start_interpolation: 0,interpolation_duration: 1}
$data merge entity $(bone_body) {transformation: [-1f,0f,0f,0f,0f,0.9992f,0.0393f,1.25f,0f,0.0393f,-0.9992f,0f,0f,0f,0f,1f],start_interpolation: 0,interpolation_duration: 1}
$data merge entity $(bone_right1) {transformation: [-0.9367f,-0.3501f,0.0054f,-0.5f,-0.0145f,0.0234f,-0.9996f,2.375f,0.3499f,-0.9364f,-0.027f,0.0312f,0f,0f,0f,1f],start_interpolation: 0,interpolation_duration: 1}
$data merge entity $(bone_left1) {transformation: [-0.9427f,0.3319f,0.0327f,0.5f,0.0344f,0.1943f,-0.9803f,2.375f,-0.3317f,-0.9231f,-0.1946f,0.0313f,0f,0f,0f,1f],start_interpolation: 0,interpolation_duration: 1}
$data merge entity $(bone_left2) {transformation: [-0.9659f,-0.2587f,-0.0068f,0.5f,0.099f,-0.3453f,-0.9332f,2.5f,0.2391f,-0.9021f,0.3592f,-0.2187f,0f,0f,0f,1f],start_interpolation: 0,interpolation_duration: 1}
$data merge entity $(bone_right2) {transformation: [-0.927f,0.2742f,-0.2559f,-0.5f,0.1705f,-0.2999f,-0.9386f,2.5f,-0.3341f,-0.9137f,0.2312f,-0.2188f,0f,0f,0f,1f],start_interpolation: 0,interpolation_duration: 1}
$data merge entity $(bone_head) {transformation: [-1f,0f,0f,0f,0f,0.9969f,-0.0785f,2.625f,0f,-0.0785f,-0.9969f,0.1813f,0f,0f,0f,1f],start_interpolation: 0,interpolation_duration: 1}
$data merge entity $(bone_spinny_part) {transformation: [-0.8085f,-0.0349f,-0.5874f,-0.0245f,-0.0282f,0.9994f,-0.0205f,3.2611f,0.5878f,0f,-0.809f,1.2813f,0f,0f,0f,1f],start_interpolation: 0,interpolation_duration: 1}
$data merge entity $(bone_staff) {transformation: [0f,-0.0603f,1.7281f,0.0562f,0f,1.7281f,0.0603f,0.95f,-1.7292f,0f,0f,1.2813f,0f,0f,0f,1f],start_interpolation: 0,interpolation_duration: 1}
data modify entity @s data merge value {"cameras":{"camera":{"posx":-6.737887979815599e-17,"posy":2.7167294942562625,"posz":0.5501903066669327,"roty":0,"rotx":-4.5}},"locators":{}}