# This file was generated by Animated Java via MC-Build. It is not recommended to edit this file directly.
$data merge entity $(bone_legs) {transformation: [-1f,0f,0f,0f,0f,0.9973f,0.0741f,1.25f,0f,0.0741f,-0.9973f,0f,0f,0f,0f,1f],start_interpolation: 0,interpolation_duration: 1}
$data merge entity $(bone_backbling) {transformation: [-1f,0f,0f,0f,0f,0.9993f,0.0371f,2.7027f,0f,0.0371f,-0.9993f,-0.3839f,0f,0f,0f,1f],start_interpolation: 0,interpolation_duration: 1}
$data merge entity $(bone_top) {transformation: [-1f,0f,0f,0f,0f,0.9993f,0.0371f,2.1244f,0f,0.0371f,-0.9993f,0.0324f,0f,0f,0f,1f],start_interpolation: 0,interpolation_duration: 1}
$data merge entity $(bone_body) {transformation: [-1f,0f,0f,0f,0f,0.9993f,0.0371f,1.25f,0f,0.0371f,-0.9993f,0f,0f,0f,0f,1f],start_interpolation: 0,interpolation_duration: 1}
$data merge entity $(bone_right1) {transformation: [-0.9352f,-0.3542f,0.0082f,-0.5f,-0.0143f,0.0146f,-0.9998f,2.375f,0.354f,-0.9351f,-0.0187f,0.0312f,0f,0f,0f,1f],start_interpolation: 0,interpolation_duration: 1}
$data merge entity $(bone_left1) {transformation: [-0.9442f,0.3281f,0.0296f,0.5f,0.0338f,0.1859f,-0.982f,2.375f,-0.3276f,-0.9262f,-0.1867f,0.0313f,0f,0f,0f,1f],start_interpolation: 0,interpolation_duration: 1}
$data merge entity $(bone_left2) {transformation: [-0.9659f,-0.2586f,-0.0102f,0.5f,0.099f,-0.3331f,-0.9377f,2.5f,0.2391f,-0.9067f,0.3474f,-0.2187f,0f,0f,0f,1f],start_interpolation: 0,interpolation_duration: 1}
$data merge entity $(bone_right2) {transformation: [-0.927f,0.2764f,-0.2535f,-0.5f,0.1705f,-0.2917f,-0.9412f,2.5f,-0.3341f,-0.9157f,0.2233f,-0.2188f,0f,0f,0f,1f],start_interpolation: 0,interpolation_duration: 1}
$data merge entity $(bone_head) {transformation: [-1f,0f,0f,0f,0f,0.9973f,-0.0741f,2.625f,0f,-0.0741f,-0.9973f,0.1781f,0f,0f,0f,1f],start_interpolation: 0,interpolation_duration: 1}
$data merge entity $(bone_spinny_part) {transformation: [-0.9872f,-0.0305f,-0.1564f,-0.0175f,-0.0302f,0.9995f,-0.0048f,3.2677f,0.1564f,0f,-0.9877f,1.2813f,0f,0f,0f,1f],start_interpolation: 0,interpolation_duration: 1}
$data merge entity $(bone_staff) {transformation: [0f,-0.0528f,1.7284f,0.0531f,0f,1.7284f,0.0528f,0.9563f,-1.7292f,0f,0f,1.2813f,0f,0f,0f,1f],start_interpolation: 0,interpolation_duration: 1}
data modify entity @s data merge value {"cameras":{"camera":{"posx":-6.704476334406039e-17,"posy":2.7151188203919925,"posz":0.5474620387750947,"roty":0,"rotx":-4.250000000000001}},"locators":{}}