# This file was generated by Animated Java via MC-Build. It is not recommended to edit this file directly.
$data merge entity $(bone_legs) {transformation: [-1f,0f,0f,0f,0f,0.9976f,0.0698f,1.25f,0f,0.0698f,-0.9976f,0f,0f,0f,0f,1f],start_interpolation: 0,interpolation_duration: 1}
$data merge entity $(bone_backbling) {transformation: [-1f,0f,0f,0f,0f,0.9994f,0.0349f,2.7019f,0f,0.0349f,-0.9994f,-0.3871f,0f,0f,0f,1f],start_interpolation: 0,interpolation_duration: 1}
$data merge entity $(bone_top) {transformation: [-1f,0f,0f,0f,0f,0.9994f,0.0349f,2.1245f,0f,0.0349f,-0.9994f,0.0305f,0f,0f,0f,1f],start_interpolation: 0,interpolation_duration: 1}
$data merge entity $(bone_body) {transformation: [-1f,0f,0f,0f,0f,0.9994f,0.0349f,1.25f,0f,0.0349f,-0.9994f,0f,0f,0f,0f,1f],start_interpolation: 0,interpolation_duration: 1}
$data merge entity $(bone_right1) {transformation: [-0.9336f,-0.3581f,0.0111f,-0.5f,-0.0141f,0.0058f,-0.9999f,2.375f,0.358f,-0.9337f,-0.0105f,0.0312f,0f,0f,0f,1f],start_interpolation: 0,interpolation_duration: 1}
$data merge entity $(bone_left1) {transformation: [-0.9456f,0.3242f,0.0265f,0.5f,0.0333f,0.1775f,-0.9836f,2.375f,-0.3236f,-0.9292f,-0.1786f,0.0313f,0f,0f,0f,1f],start_interpolation: 0,interpolation_duration: 1}
$data merge entity $(bone_left2) {transformation: [-0.9659f,-0.2585f,-0.0135f,0.5f,0.099f,-0.3208f,-0.942f,2.5f,0.2391f,-0.9112f,0.3355f,-0.2187f,0f,0f,0f,1f],start_interpolation: 0,interpolation_duration: 1}
$data merge entity $(bone_right2) {transformation: [-0.927f,0.2786f,-0.2511f,-0.5f,0.1705f,-0.2834f,-0.9437f,2.5f,-0.3341f,-0.9176f,0.2153f,-0.2188f,0f,0f,0f,1f],start_interpolation: 0,interpolation_duration: 1}
$data merge entity $(bone_head) {transformation: [-1f,0f,0f,0f,0f,0.9976f,-0.0698f,2.625f,0f,-0.0698f,-0.9976f,0.175f,0f,0f,0f,1f],start_interpolation: 0,interpolation_duration: 1}
$data merge entity $(bone_spinny_part) {transformation: [-0.9507f,-0.0262f,0.3089f,-0.0105f,-0.0249f,0.9997f,0.0081f,3.2742f,-0.309f,0f,-0.9511f,1.2813f,0f,0f,0f,1f],start_interpolation: 0,interpolation_duration: 1}
$data merge entity $(bone_staff) {transformation: [0f,-0.0453f,1.7286f,0.05f,0f,1.7286f,0.0453f,0.9625f,-1.7292f,0f,0f,1.2813f,0f,0f,0f,1f],start_interpolation: 0,interpolation_duration: 1}
data modify entity @s data merge value {"cameras":{"camera":{"posx":-6.670978576183136e-17,"posy":2.713506430795286,"posz":0.5447267392384262,"roty":0,"rotx":-4.000000000000001}},"locators":{}}