# This file was generated by Animated Java via MC-Build. It is not recommended to edit this file directly.
$data merge entity $(bone_legs) {transformation: [-1f,0f,0f,0f,0f,0.9979f,0.0654f,1.25f,0f,0.0654f,-0.9979f,0f,0f,0f,0f,1f],start_interpolation: 0,interpolation_duration: 1}
$data merge entity $(bone_backbling) {transformation: [-1f,0f,0f,0f,0f,0.9995f,0.0327f,2.701f,0f,0.0327f,-0.9995f,-0.3902f,0f,0f,0f,1f],start_interpolation: 0,interpolation_duration: 1}
$data merge entity $(bone_top) {transformation: [-1f,0f,0f,0f,0f,0.9995f,0.0327f,2.1245f,0f,0.0327f,-0.9995f,0.0286f,0f,0f,0f,1f],start_interpolation: 0,interpolation_duration: 1}
$data merge entity $(bone_body) {transformation: [-1f,0f,0f,0f,0f,0.9995f,0.0327f,1.25f,0f,0.0327f,-0.9995f,0f,0f,0f,0f,1f],start_interpolation: 0,interpolation_duration: 1}
$data merge entity $(bone_right1) {transformation: [-0.932f,-0.3621f,0.014f,-0.5f,-0.0139f,-0.003f,-0.9999f,2.375f,0.3621f,-0.9321f,-0.0023f,0.0312f,0f,0f,0f,1f],start_interpolation: 0,interpolation_duration: 1}
$data merge entity $(bone_left1) {transformation: [-0.947f,0.3203f,0.0235f,0.5f,0.0327f,0.1691f,-0.9851f,2.375f,-0.3195f,-0.9321f,-0.1706f,0.0313f,0f,0f,0f,1f],start_interpolation: 0,interpolation_duration: 1}
$data merge entity $(bone_left2) {transformation: [-0.9659f,-0.2583f,-0.0169f,0.5f,0.099f,-0.3084f,-0.9461f,2.5f,0.2391f,-0.9155f,0.3235f,-0.2187f,0f,0f,0f,1f],start_interpolation: 0,interpolation_duration: 1}
$data merge entity $(bone_right2) {transformation: [-0.927f,0.2808f,-0.2487f,-0.5f,0.1705f,-0.2752f,-0.9462f,2.5f,-0.3341f,-0.9195f,0.2073f,-0.2188f,0f,0f,0f,1f],start_interpolation: 0,interpolation_duration: 1}
$data merge entity $(bone_head) {transformation: [-1f,0f,0f,0f,0f,0.9979f,-0.0654f,2.625f,0f,-0.0654f,-0.9979f,0.1719f,0f,0f,0f,1f],start_interpolation: 0,interpolation_duration: 1}
$data merge entity $(bone_spinny_part) {transformation: [-0.7069f,-0.0218f,0.7069f,-0.0036f,-0.0154f,0.9998f,0.0154f,3.2807f,-0.7071f,0f,-0.7071f,1.2813f,0f,0f,0f,1f],start_interpolation: 0,interpolation_duration: 1}
$data merge entity $(bone_staff) {transformation: [0f,-0.0377f,1.7288f,0.0469f,0f,1.7288f,0.0377f,0.9688f,-1.7292f,0f,0f,1.2813f,0f,0f,0f,1f],start_interpolation: 0,interpolation_duration: 1}
data modify entity @s data merge value {"cameras":{"camera":{"posx":-6.637394614286242e-17,"posy":2.7118923561637165,"posz":0.5419844006375923,"roty":0,"rotx":-3.7500000000000004}},"locators":{}}