# This file was generated by Animated Java via MC-Build. It is not recommended to edit this file directly.
$data merge entity $(bone_legs) {transformation: [-1f,0f,0f,0f,0f,0.9981f,0.061f,1.25f,0f,0.061f,-0.9981f,0f,0f,0f,0f,1f],start_interpolation: 0,interpolation_duration: 1}
$data merge entity $(bone_backbling) {transformation: [-1f,0f,0f,0f,0f,0.9995f,0.0305f,2.7002f,0f,0.0305f,-0.9995f,-0.3934f,0f,0f,0f,1f],start_interpolation: 0,interpolation_duration: 1}
$data merge entity $(bone_top) {transformation: [-1f,0f,0f,0f,0f,0.9995f,0.0305f,2.1246f,0f,0.0305f,-0.9995f,0.0267f,0f,0f,0f,1f],start_interpolation: 0,interpolation_duration: 1}
$data merge entity $(bone_body) {transformation: [-1f,0f,0f,0f,0f,0.9995f,0.0305f,1.25f,0f,0.0305f,-0.9995f,0f,0f,0f,0f,1f],start_interpolation: 0,interpolation_duration: 1}
$data merge entity $(bone_right1) {transformation: [-0.9305f,-0.366f,0.017f,-0.5f,-0.0137f,-0.0117f,-0.9998f,2.375f,0.3662f,-0.9305f,0.0059f,0.0312f,0f,0f,0f,1f],start_interpolation: 0,interpolation_duration: 1}
$data merge entity $(bone_left1) {transformation: [-0.9484f,0.3163f,0.0206f,0.5f,0.0322f,0.1606f,-0.9865f,2.375f,-0.3154f,-0.935f,-0.1625f,0.0313f,0f,0f,0f,1f],start_interpolation: 0,interpolation_duration: 1}
$data merge entity $(bone_left2) {transformation: [-0.9659f,-0.258f,-0.0203f,0.5f,0.099f,-0.296f,-0.95f,2.5f,0.2391f,-0.9197f,0.3115f,-0.2187f,0f,0f,0f,1f],start_interpolation: 0,interpolation_duration: 1}
$data merge entity $(bone_right2) {transformation: [-0.927f,0.2829f,-0.2462f,-0.5f,0.1705f,-0.2669f,-0.9485f,2.5f,-0.3341f,-0.9212f,0.1992f,-0.2188f,0f,0f,0f,1f],start_interpolation: 0,interpolation_duration: 1}
$data merge entity $(bone_head) {transformation: [-1f,0f,0f,0f,0f,0.9981f,-0.061f,2.625f,0f,-0.061f,-0.9981f,0.1688f,0f,0f,0f,1f],start_interpolation: 0,interpolation_duration: 1}
$data merge entity $(bone_spinny_part) {transformation: [-0.309f,-0.0175f,0.9509f,0.0034f,-0.0054f,0.9998f,0.0166f,3.2871f,-0.9511f,0f,-0.309f,1.2813f,0f,0f,0f,1f],start_interpolation: 0,interpolation_duration: 1}
$data merge entity $(bone_staff) {transformation: [0f,-0.0302f,1.7289f,0.0437f,0f,1.7289f,0.0302f,0.975f,-1.7292f,0f,0f,1.2813f,0f,0f,0f,1f],start_interpolation: 0,interpolation_duration: 1}
data modify entity @s data merge value {"cameras":{"camera":{"posx":-6.603724359495899e-17,"posy":2.710276627226938,"posz":0.5392350156872716,"roty":0,"rotx":-3.5}},"locators":{}}