# This file was generated by Animated Java via MC-Build. It is not recommended to edit this file directly.
$data merge entity $(bone_legs) {transformation: [-1f,0f,0f,0f,0f,0.9984f,0.0567f,1.25f,0f,0.0567f,-0.9984f,0f,0f,0f,0f,1f],start_interpolation: 0,interpolation_duration: 1}
$data merge entity $(bone_backbling) {transformation: [-1f,0f,0f,0f,0f,0.9996f,0.0284f,2.6993f,0f,0.0284f,-0.9996f,-0.3966f,0f,0f,0f,1f],start_interpolation: 0,interpolation_duration: 1}
$data merge entity $(bone_top) {transformation: [-1f,0f,0f,0f,0f,0.9996f,0.0284f,2.1246f,0f,0.0284f,-0.9996f,0.0248f,0f,0f,0f,1f],start_interpolation: 0,interpolation_duration: 1}
$data merge entity $(bone_body) {transformation: [-1f,0f,0f,0f,0f,0.9996f,0.0284f,1.25f,0f,0.0284f,-0.9996f,0f,0f,0f,0f,1f],start_interpolation: 0,interpolation_duration: 1}
$data merge entity $(bone_right1) {transformation: [-0.9288f,-0.3699f,0.0201f,-0.5f,-0.0135f,-0.0205f,-0.9997f,2.375f,0.3702f,-0.9288f,0.0141f,0.0312f,0f,0f,0f,1f],start_interpolation: 0,interpolation_duration: 1}
$data merge entity $(bone_left1) {transformation: [-0.9498f,0.3124f,0.0177f,0.5f,0.0316f,0.1521f,-0.9879f,2.375f,-0.3113f,-0.9377f,-0.1544f,0.0313f,0f,0f,0f,1f],start_interpolation: 0,interpolation_duration: 1}
$data merge entity $(bone_left2) {transformation: [-0.9659f,-0.2577f,-0.0237f,0.5f,0.099f,-0.2836f,-0.9538f,2.5f,0.2391f,-0.9237f,0.2994f,-0.2187f,0f,0f,0f,1f],start_interpolation: 0,interpolation_duration: 1}
$data merge entity $(bone_right2) {transformation: [-0.927f,0.2851f,-0.2437f,-0.5f,0.1705f,-0.2586f,-0.9508f,2.5f,-0.3341f,-0.9229f,0.1912f,-0.2188f,0f,0f,0f,1f],start_interpolation: 0,interpolation_duration: 1}
$data merge entity $(bone_head) {transformation: [-1f,0f,0f,0f,0f,0.9984f,-0.0567f,2.625f,0f,-0.0567f,-0.9984f,0.1656f,0f,0f,0f,1f],start_interpolation: 0,interpolation_duration: 1}
$data merge entity $(bone_spinny_part) {transformation: [0.1564f,-0.0131f,0.9876f,0.0104f,0.002f,0.9999f,0.0129f,3.2936f,-0.9877f,0f,0.1564f,1.2813f,0f,0f,0f,1f],start_interpolation: 0,interpolation_duration: 1}
$data merge entity $(bone_staff) {transformation: [0f,-0.0226f,1.729f,0.0406f,0f,1.729f,0.0226f,0.9813f,-1.7292f,0f,0f,1.2813f,0f,0f,0f,1f],start_interpolation: 0,interpolation_duration: 1}
data modify entity @s data merge value {"cameras":{"camera":{"posx":-6.569967724235544e-17,"posy":2.708659274746101,"posz":0.5364785772362947,"roty":0,"rotx":-3.2499999999999996}},"locators":{}}