# This file was generated by Animated Java via MC-Build. It is not recommended to edit this file directly.
$data merge entity $(bone_legs) {transformation: [-1f,0f,0f,0f,0f,0.9986f,0.0523f,1.25f,0f,0.0523f,-0.9986f,0f,0f,0f,0f,1f],start_interpolation: 0,interpolation_duration: 1}
$data merge entity $(bone_backbling) {transformation: [-1f,0f,0f,0f,0f,0.9997f,0.0262f,2.6985f,0f,0.0262f,-0.9997f,-0.3997f,0f,0f,0f,1f],start_interpolation: 0,interpolation_duration: 1}
$data merge entity $(bone_top) {transformation: [-1f,0f,0f,0f,0f,0.9997f,0.0262f,2.1247f,0f,0.0262f,-0.9997f,0.0229f,0f,0f,0f,1f],start_interpolation: 0,interpolation_duration: 1}
$data merge entity $(bone_body) {transformation: [-1f,0f,0f,0f,0f,0.9997f,0.0262f,1.25f,0f,0.0262f,-0.9997f,0f,0f,0f,0f,1f],start_interpolation: 0,interpolation_duration: 1}
$data merge entity $(bone_right1) {transformation: [-0.9272f,-0.3738f,0.0233f,-0.5f,-0.0133f,-0.0293f,-0.9995f,2.375f,0.3743f,-0.9271f,0.0222f,0.0312f,0f,0f,0f,1f],start_interpolation: 0,interpolation_duration: 1}
$data merge entity $(bone_left1) {transformation: [-0.9512f,0.3084f,0.0149f,0.5f,0.0311f,0.1436f,-0.9891f,2.375f,-0.3072f,-0.9404f,-0.1462f,0.0313f,0f,0f,0f,1f],start_interpolation: 0,interpolation_duration: 1}
$data merge entity $(bone_left2) {transformation: [-0.9659f,-0.2574f,-0.0271f,0.5f,0.099f,-0.271f,-0.9575f,2.5f,0.2391f,-0.9275f,0.2873f,-0.2187f,0f,0f,0f,1f],start_interpolation: 0,interpolation_duration: 1}
$data merge entity $(bone_right2) {transformation: [-0.927f,0.2872f,-0.2412f,-0.5f,0.1705f,-0.2503f,-0.953f,2.5f,-0.3341f,-0.9246f,0.1831f,-0.2188f,0f,0f,0f,1f],start_interpolation: 0,interpolation_duration: 1}
$data merge entity $(bone_head) {transformation: [-1f,0f,0f,0f,0f,0.9986f,-0.0523f,2.625f,0f,-0.0523f,-0.9986f,0.1625f,0f,0f,0f,1f],start_interpolation: 0,interpolation_duration: 1}
$data merge entity $(bone_spinny_part) {transformation: [0.5878f,-0.0087f,0.809f,0.0173f,0.0051f,1f,0.0071f,3.2999f,-0.809f,0f,0.5878f,1.2813f,0f,0f,0f,1f],start_interpolation: 0,interpolation_duration: 1}
$data merge entity $(bone_staff) {transformation: [0f,-0.0151f,1.7291f,0.0375f,0f,1.7291f,0.0151f,0.9875f,-1.7292f,0f,0f,1.2813f,0f,0f,0f,1f],start_interpolation: 0,interpolation_duration: 1}
data modify entity @s data merge value {"cameras":{"camera":{"posx":-6.536124622573174e-17,"posy":2.707040329513265,"posz":0.5337150782677812,"roty":0,"rotx":-3.0000000000000013}},"locators":{}}