# This file was generated by Animated Java via MC-Build. It is not recommended to edit this file directly.
$data merge entity $(bone_legs) {transformation: [-1f,0f,0f,0f,0f,0.9988f,0.048f,1.25f,0f,0.048f,-0.9988f,0f,0f,0f,0f,1f],start_interpolation: 0,interpolation_duration: 1}
$data merge entity $(bone_backbling) {transformation: [-1f,0f,0f,0f,0f,0.9997f,0.024f,2.6976f,0f,0.024f,-0.9997f,-0.4029f,0f,0f,0f,1f],start_interpolation: 0,interpolation_duration: 1}
$data merge entity $(bone_top) {transformation: [-1f,0f,0f,0f,0f,0.9997f,0.024f,2.1247f,0f,0.024f,-0.9997f,0.021f,0f,0f,0f,1f],start_interpolation: 0,interpolation_duration: 1}
$data merge entity $(bone_body) {transformation: [-1f,0f,0f,0f,0f,0.9997f,0.024f,1.25f,0f,0.024f,-0.9997f,0f,0f,0f,0f,1f],start_interpolation: 0,interpolation_duration: 1}
$data merge entity $(bone_right1) {transformation: [-0.9256f,-0.3776f,0.0265f,-0.5f,-0.0131f,-0.0381f,-0.9992f,2.375f,0.3783f,-0.9252f,0.0303f,0.0312f,0f,0f,0f,1f],start_interpolation: 0,interpolation_duration: 1}
$data merge entity $(bone_left1) {transformation: [-0.9525f,0.3043f,0.0122f,0.5f,0.0305f,0.1351f,-0.9904f,2.375f,-0.303f,-0.9429f,-0.138f,0.0313f,0f,0f,0f,1f],start_interpolation: 0,interpolation_duration: 1}
$data merge entity $(bone_left2) {transformation: [-0.9659f,-0.257f,-0.0304f,0.5f,0.099f,-0.2585f,-0.9609f,2.5f,0.2391f,-0.9312f,0.2751f,-0.2187f,0f,0f,0f,1f],start_interpolation: 0,interpolation_duration: 1}
$data merge entity $(bone_right2) {transformation: [-0.927f,0.2893f,-0.2387f,-0.5f,0.1705f,-0.242f,-0.9552f,2.5f,-0.3341f,-0.9261f,0.175f,-0.2188f,0f,0f,0f,1f],start_interpolation: 0,interpolation_duration: 1}
$data merge entity $(bone_head) {transformation: [-1f,0f,0f,0f,0f,0.9988f,-0.048f,2.625f,0f,-0.048f,-0.9988f,0.1594f,0f,0f,0f,1f],start_interpolation: 0,interpolation_duration: 1}
$data merge entity $(bone_spinny_part) {transformation: [0.891f,-0.0044f,0.454f,0.0243f,0.0039f,1f,0.002f,3.3062f,-0.454f,0f,0.891f,1.2813f,0f,0f,0f,1f],start_interpolation: 0,interpolation_duration: 1}
$data merge entity $(bone_staff) {transformation: [0f,-0.0075f,1.7292f,0.0344f,0f,1.7292f,0.0075f,0.9938f,-1.7292f,0f,0f,1.2813f,0f,0f,0f,1f],start_interpolation: 0,interpolation_duration: 1}
data modify entity @s data merge value {"cameras":{"camera":{"posx":-6.502194970222978e-17,"posy":2.7054198223508132,"posz":0.5309445118992725,"roty":0,"rotx":-2.75}},"locators":{}}