# This file was generated by Animated Java via MC-Build. It is not recommended to edit this file directly.
$data merge entity $(bone_legs) {transformation: [-1f,0f,0f,0f,0f,0.9999f,0.0131f,1.25f,0f,0.0131f,-0.9999f,0f,0f,0f,0f,1f],start_interpolation: 0,interpolation_duration: 1}
$data merge entity $(bone_backbling) {transformation: [-1f,0f,0f,0f,0f,1f,0.0065f,2.6903f,0f,0.0065f,-1f,-0.4281f,0f,0f,0f,1f],start_interpolation: 0,interpolation_duration: 1}
$data merge entity $(bone_top) {transformation: [-1f,0f,0f,0f,0f,1f,0.0065f,2.125f,0f,0.0065f,-1f,0.0057f,0f,0f,0f,1f],start_interpolation: 0,interpolation_duration: 1}
$data merge entity $(bone_body) {transformation: [-1f,0f,0f,0f,0f,1f,0.0065f,1.25f,0f,0.0065f,-1f,0f,0f,0f,0f,1f],start_interpolation: 0,interpolation_duration: 1}
$data merge entity $(bone_right1) {transformation: [-0.9948f,0.0221f,-0.099f,-0.5f,0.0917f,0.6143f,-0.7838f,2.375f,0.0435f,-0.7888f,-0.6131f,0.0312f,0f,0f,0f,1f],start_interpolation: 0,interpolation_duration: 1}
$data merge entity $(bone_left1) {transformation: [-0.9958f,0.0434f,0.0805f,0.5f,0.0082f,0.919f,-0.3943f,2.375f,-0.0911f,-0.3919f,-0.9155f,0.0313f,0f,0f,0f,1f],start_interpolation: 0,interpolation_duration: 1}
$data merge entity $(bone_left2) {transformation: [-0.9992f,0.0041f,-0.0391f,0.5f,0.0153f,0.9564f,-0.2915f,2.5f,0.0362f,-0.2919f,-0.9558f,-0.2187f,0f,0f,0f,1f],start_interpolation: 0,interpolation_duration: 1}
$data merge entity $(bone_right2) {transformation: [-0.9983f,0.0401f,0.0417f,-0.5f,0.0272f,0.9616f,-0.2732f,2.5f,-0.0511f,-0.2716f,-0.9611f,-0.2188f,0f,0f,0f,1f],start_interpolation: 0,interpolation_duration: 1}
$data merge entity $(bone_head) {transformation: [-1f,0f,0f,0f,0f,0.9999f,-0.0131f,2.625f,0f,-0.0131f,-0.9999f,0.1344f,0f,0f,0f,1f],start_interpolation: 0,interpolation_duration: 1}
$data merge entity $(bone_spinny_part) {transformation: [0f,-0.0065f,1f,-0.4464f,0f,1f,0.0065f,2.5312f,-1f,0f,0f,0.9313f,0f,0f,0f,1f],start_interpolation: 0,interpolation_duration: 1}
$data merge entity $(bone_staff) {transformation: [0f,-0.0113f,1.7291f,-0.4313f,0f,1.7291f,0.0113f,0.2188f,-1.7292f,0f,0f,0.9313f,0f,0f,0f,1f],start_interpolation: 0,interpolation_duration: 1}
data modify entity @s data merge value {"cameras":{"camera":{"posx":-6.227632356849215e-17,"posy":2.6924032438126297,"posz":0.5085247731170436,"roty":0,"rotx":-0.7500000000000001}},"locators":{}}