# This file was generated by Animated Java via MC-Build. It is not recommended to edit this file directly.
$data merge entity $(bone_legs) {transformation: [-1f,0f,0f,0f,0f,0.999f,0.0436f,1.25f,0f,0.0436f,-0.999f,0f,0f,0f,0f,1f],start_interpolation: 0,interpolation_duration: 1}
$data merge entity $(bone_backbling) {transformation: [-1f,0f,0f,0f,0f,0.9998f,0.0218f,2.6967f,0f,0.0218f,-0.9998f,-0.406f,0f,0f,0f,1f],start_interpolation: 0,interpolation_duration: 1}
$data merge entity $(bone_top) {transformation: [-1f,0f,0f,0f,0f,0.9998f,0.0218f,2.1248f,0f,0.0218f,-0.9998f,0.0191f,0f,0f,0f,1f],start_interpolation: 0,interpolation_duration: 1}
$data merge entity $(bone_body) {transformation: [-1f,0f,0f,0f,0f,0.9998f,0.0218f,1.25f,0f,0.0218f,-0.9998f,0f,0f,0f,0f,1f],start_interpolation: 0,interpolation_duration: 1}
$data merge entity $(bone_right1) {transformation: [-0.9239f,-0.3814f,0.0298f,-0.5f,-0.0129f,-0.0468f,-0.9988f,2.375f,0.3823f,-0.9232f,0.0384f,0.0312f,0f,0f,0f,1f],start_interpolation: 0,interpolation_duration: 1}
$data merge entity $(bone_left1) {transformation: [-0.9538f,0.3003f,0.0095f,0.5f,0.03f,0.1266f,-0.9915f,2.375f,-0.2989f,-0.9454f,-0.1297f,0.0313f,0f,0f,0f,1f],start_interpolation: 0,interpolation_duration: 1}
$data merge entity $(bone_left2) {transformation: [-0.9659f,-0.2566f,-0.0338f,0.5f,0.099f,-0.2459f,-0.9642f,2.5f,0.2391f,-0.9347f,0.2629f,-0.2187f,0f,0f,0f,1f],start_interpolation: 0,interpolation_duration: 1}
$data merge entity $(bone_right2) {transformation: [-0.927f,0.2914f,-0.2362f,-0.5f,0.1705f,-0.2337f,-0.9573f,2.5f,-0.3341f,-0.9276f,0.1669f,-0.2188f,0f,0f,0f,1f],start_interpolation: 0,interpolation_duration: 1}
$data merge entity $(bone_head) {transformation: [-1f,0f,0f,0f,0f,0.999f,-0.0436f,2.625f,0f,-0.0436f,-0.999f,0.1563f,0f,0f,0f,1f],start_interpolation: 0,interpolation_duration: 1}
$data merge entity $(bone_spinny_part) {transformation: [1f,0f,0f,0.0312f,0f,1f,0f,3.3125f,0f,0f,1f,1.2813f,0f,0f,0f,1f],start_interpolation: 0,interpolation_duration: 1}
$data merge entity $(bone_staff) {transformation: [0f,0f,1.7292f,0.0312f,0f,1.7292f,0f,1f,-1.7292f,0f,0f,1.2813f,0f,0f,0f,1f],start_interpolation: 0,interpolation_duration: 1}
data modify entity @s data merge value {"cameras":{"camera":{"posx":-6.468178684546952e-17,"posy":2.703797784110867,"posz":0.5281668713828631,"roty":0,"rotx":-2.5}},"locators":{}}