# This file was generated by Animated Java via MC-Build. It is not recommended to edit this file directly.
$data merge entity $(bone_legs) {transformation: [-1f,0f,0f,0f,0f,0.9992f,0.0393f,1.25f,0f,0.0393f,-0.9992f,0f,0f,0f,0f,1f],start_interpolation: 0,interpolation_duration: 1}
$data merge entity $(bone_backbling) {transformation: [-1f,0f,0f,0f,0f,0.9998f,0.0196f,2.6958f,0f,0.0196f,-0.9998f,-0.4092f,0f,0f,0f,1f],start_interpolation: 0,interpolation_duration: 1}
$data merge entity $(bone_top) {transformation: [-1f,0f,0f,0f,0f,0.9998f,0.0196f,2.1248f,0f,0.0196f,-0.9998f,0.0172f,0f,0f,0f,1f],start_interpolation: 0,interpolation_duration: 1}
$data merge entity $(bone_body) {transformation: [-1f,0f,0f,0f,0f,0.9998f,0.0196f,1.25f,0f,0.0196f,-0.9998f,0f,0f,0f,0f,1f],start_interpolation: 0,interpolation_duration: 1}
$data merge entity $(bone_right1) {transformation: [-0.9612f,-0.2743f,0.0298f,-0.5f,-0.0178f,-0.0461f,-0.9988f,2.375f,0.2754f,-0.9605f,0.0394f,0.0312f,0f,0f,0f,1f],start_interpolation: 0,interpolation_duration: 1}
$data merge entity $(bone_left1) {transformation: [-0.9538f,0.2976f,0.0408f,0.5f,0.03f,0.2295f,-0.9728f,2.375f,-0.2989f,-0.9267f,-0.2278f,0.0313f,0f,0f,0f,1f],start_interpolation: 0,interpolation_duration: 1}
$data merge entity $(bone_left2) {transformation: [-0.9588f,-0.2826f,-0.0285f,0.5f,0.1101f,-0.2772f,-0.9545f,2.5f,0.2619f,-0.9183f,0.2969f,-0.2187f,0f,0f,0f,1f],start_interpolation: 0,interpolation_duration: 1}
$data merge entity $(bone_right2) {transformation: [-0.92f,0.309f,-0.241f,-0.5f,0.1607f,-0.2634f,-0.9512f,2.5f,-0.3574f,-0.9139f,0.1926f,-0.2188f,0f,0f,0f,1f],start_interpolation: 0,interpolation_duration: 1}
$data merge entity $(bone_head) {transformation: [-1f,0f,0f,0f,0f,0.9992f,-0.0393f,2.625f,0f,-0.0393f,-0.9992f,0.1531f,0f,0f,0f,1f],start_interpolation: 0,interpolation_duration: 1}
$data merge entity $(bone_spinny_part) {transformation: [-0.1324f,0.0029f,0.9912f,-0.0996f,0.043f,0.9991f,0.0029f,3.3729f,-0.9903f,0.043f,-0.1324f,1.2057f,0f,0f,0f,1f],start_interpolation: 0,interpolation_duration: 1}
$data merge entity $(bone_staff) {transformation: [-0.2289f,0.0049f,1.7139f,-0.1063f,0.0744f,1.7276f,0.0049f,1.0625f,-1.7123f,0.0744f,-0.2289f,1.1062f,0f,0f,0f,1f],start_interpolation: 0,interpolation_duration: 1}
data modify entity @s data merge value {"cameras":{"camera":{"posx":-6.434075684556458e-17,"posy":2.702174245674696,"posz":0.5253821501053293,"roty":0,"rotx":-2.25}},"locators":{}}