# This file was generated by Animated Java via MC-Build. It is not recommended to edit this file directly.
$data merge entity $(bone_legs) {transformation: [-1f,0f,0f,0f,0f,0.9994f,0.0349f,1.25f,0f,0.0349f,-0.9994f,0f,0f,0f,0f,1f],start_interpolation: 0,interpolation_duration: 1}
$data merge entity $(bone_backbling) {transformation: [-1f,0f,0f,0f,0f,0.9998f,0.0175f,2.6949f,0f,0.0175f,-0.9998f,-0.4123f,0f,0f,0f,1f],start_interpolation: 0,interpolation_duration: 1}
$data merge entity $(bone_top) {transformation: [-1f,0f,0f,0f,0f,0.9998f,0.0175f,2.1249f,0f,0.0175f,-0.9998f,0.0153f,0f,0f,0f,1f],start_interpolation: 0,interpolation_duration: 1}
$data merge entity $(bone_body) {transformation: [-1f,0f,0f,0f,0f,0.9998f,0.0175f,1.25f,0f,0.0175f,-0.9998f,0f,0f,0f,0f,1f],start_interpolation: 0,interpolation_duration: 1}
$data merge entity $(bone_right1) {transformation: [-0.9861f,-0.1637f,0.0297f,-0.5f,-0.0227f,-0.0443f,-0.9988f,2.375f,0.1648f,-0.9855f,0.0399f,0.0312f,0f,0f,0f,1f],start_interpolation: 0,interpolation_duration: 1}
$data merge entity $(bone_left1) {transformation: [-0.9538f,0.2917f,0.0717f,0.5f,0.03f,0.33f,-0.9435f,2.375f,-0.2989f,-0.8978f,-0.3235f,0.0313f,0f,0f,0f,1f],start_interpolation: 0,interpolation_duration: 1}
$data merge entity $(bone_left2) {transformation: [-0.951f,-0.3083f,-0.0213f,0.5f,0.1208f,-0.3076f,-0.9438f,2.5f,0.2845f,-0.9002f,0.3298f,-0.2187f,0f,0f,0f,1f],start_interpolation: 0,interpolation_duration: 1}
$data merge entity $(bone_right2) {transformation: [-0.9123f,0.3265f,-0.2471f,-0.5f,0.1511f,-0.2924f,-0.9443f,2.5f,-0.3805f,-0.8988f,0.2175f,-0.2188f,0f,0f,0f,1f],start_interpolation: 0,interpolation_duration: 1}
$data merge entity $(bone_head) {transformation: [-1f,0f,0f,0f,0f,0.9994f,-0.0349f,2.625f,0f,-0.0349f,-0.9994f,0.15f,0f,0f,0f,1f],start_interpolation: 0,interpolation_duration: 1}
$data merge entity $(bone_spinny_part) {transformation: [-0.9746f,0.0184f,-0.223f,-0.2012f,-0.0184f,0.9866f,0.162f,3.4066f,0.223f,0.162f,-0.9613f,1.3059f,0f,0f,0f,1f],start_interpolation: 0,interpolation_duration: 1}
$data merge entity $(bone_staff) {transformation: [-0.3856f,0.0319f,1.6853f,-0.2438f,0.2802f,1.706f,0.0319f,1.125f,-1.6622f,0.2802f,-0.3856f,0.9312f,0f,0f,0f,1f],start_interpolation: 0,interpolation_duration: 1}
data modify entity @s data merge value {"cameras":{"camera":{"posx":-6.399885890913779e-17,"posy":2.7005492379521314,"posz":0.5225903415882546,"roty":0,"rotx":-1.9999999999999998}},"locators":{}}