# This file was generated by Animated Java via MC-Build. It is not recommended to edit this file directly.
$data merge entity $(bone_legs) {transformation: [-1f,0f,0f,0f,0f,0.9995f,0.0305f,1.25f,0f,0.0305f,-0.9995f,0f,0f,0f,0f,1f],start_interpolation: 0,interpolation_duration: 1}
$data merge entity $(bone_backbling) {transformation: [-1f,0f,0f,0f,0f,0.9999f,0.0153f,2.694f,0f,0.0153f,-0.9999f,-0.4155f,0f,0f,0f,1f],start_interpolation: 0,interpolation_duration: 1}
$data merge entity $(bone_top) {transformation: [-1f,0f,0f,0f,0f,0.9999f,0.0153f,2.1249f,0f,0.0153f,-0.9999f,0.0134f,0f,0f,0f,1f],start_interpolation: 0,interpolation_duration: 1}
$data merge entity $(bone_body) {transformation: [-1f,0f,0f,0f,0f,0.9999f,0.0153f,1.25f,0f,0.0153f,-0.9999f,0f,0f,0f,0f,1f],start_interpolation: 0,interpolation_duration: 1}
$data merge entity $(bone_right1) {transformation: [-0.9983f,-0.0511f,0.0296f,-0.5f,-0.0275f,-0.0414f,-0.9988f,2.375f,0.0522f,-0.9978f,0.0399f,0.0312f,0f,0f,0f,1f],start_interpolation: 0,interpolation_duration: 1}
$data merge entity $(bone_left1) {transformation: [-0.9538f,0.2826f,0.1018f,0.5f,0.03f,0.4268f,-0.9039f,2.375f,-0.2989f,-0.8591f,-0.4155f,0.0313f,0f,0f,0f,1f],start_interpolation: 0,interpolation_duration: 1}
$data merge entity $(bone_left2) {transformation: [-0.9426f,-0.3336f,-0.0122f,0.5f,0.1314f,-0.3371f,-0.9323f,2.5f,0.3069f,-0.8804f,0.3616f,-0.2187f,0f,0f,0f,1f],start_interpolation: 0,interpolation_duration: 1}
$data merge entity $(bone_right2) {transformation: [-0.904f,0.3437f,-0.2543f,-0.5f,0.1414f,-0.3209f,-0.9365f,2.5f,-0.4034f,-0.8826f,0.2415f,-0.2188f,0f,0f,0f,1f],start_interpolation: 0,interpolation_duration: 1}
$data merge entity $(bone_head) {transformation: [-1f,0f,0f,0f,0f,0.9995f,-0.0305f,2.625f,0f,-0.0305f,-0.9995f,0.1469f,0f,0f,0f,1f],start_interpolation: 0,interpolation_duration: 1}
$data merge entity $(bone_spinny_part) {transformation: [0.2391f,0.0411f,-0.9701f,-0.2862f,-0.3291f,0.9434f,-0.0411f,3.3691f,0.9135f,0.3291f,0.2391f,1.5172f,0f,0f,0f,1f],start_interpolation: 0,interpolation_duration: 1}
$data merge entity $(bone_staff) {transformation: [-0.4134f,0.0711f,1.6775f,-0.3812f,0.569f,1.6313f,0.0711f,1.1875f,-1.5797f,0.569f,-0.4134f,0.7563f,0f,0f,0f,1f],start_interpolation: 0,interpolation_duration: 1}
data modify entity @s data merge value {"cameras":{"camera":{"posx":-6.365609225933623e-17,"posy":2.698922791880978,"posz":0.5197914394881534,"roty":0,"rotx":-1.7500000000000009}},"locators":{}}