# This file was generated by Animated Java via MC-Build. It is not recommended to edit this file directly.
$data merge entity $(bone_legs) {transformation: [-1f,0f,0f,0f,0f,0.9997f,0.0262f,1.25f,0f,0.0262f,-0.9997f,0f,0f,0f,0f,1f],start_interpolation: 0,interpolation_duration: 1}
$data merge entity $(bone_backbling) {transformation: [-1f,0f,0f,0f,0f,0.9999f,0.0131f,2.6931f,0f,0.0131f,-0.9999f,-0.4186f,0f,0f,0f,1f],start_interpolation: 0,interpolation_duration: 1}
$data merge entity $(bone_top) {transformation: [-1f,0f,0f,0f,0f,0.9999f,0.0131f,2.1249f,0f,0.0131f,-0.9999f,0.0115f,0f,0f,0f,1f],start_interpolation: 0,interpolation_duration: 1}
$data merge entity $(bone_body) {transformation: [-1f,0f,0f,0f,0f,0.9999f,0.0131f,1.25f,0f,0.0131f,-0.9999f,0f,0f,0f,0f,1f],start_interpolation: 0,interpolation_duration: 1}
$data merge entity $(bone_right1) {transformation: [-0.9976f,0.0623f,0.0296f,-0.5f,-0.032f,-0.0375f,-0.9988f,2.375f,-0.0611f,-0.9974f,0.0394f,0.0312f,0f,0f,0f,1f],start_interpolation: 0,interpolation_duration: 1}
$data merge entity $(bone_left1) {transformation: [-0.9538f,0.2704f,0.1308f,0.5f,0.03f,0.5189f,-0.8543f,2.375f,-0.2989f,-0.8109f,-0.5031f,0.0313f,0f,0f,0f,1f],start_interpolation: 0,interpolation_duration: 1}
$data merge entity $(bone_left2) {transformation: [-0.9336f,-0.3584f,-0.0014f,0.5f,0.1417f,-0.3656f,-0.9199f,2.5f,0.3292f,-0.859f,0.3921f,-0.2187f,0f,0f,0f,1f],start_interpolation: 0,interpolation_duration: 1}
$data merge entity $(bone_right2) {transformation: [-0.895f,0.3605f,-0.2627f,-0.5f,0.1319f,-0.3487f,-0.9279f,2.5f,-0.4261f,-0.8652f,0.2645f,-0.2188f,0f,0f,0f,1f],start_interpolation: 0,interpolation_duration: 1}
$data merge entity $(bone_head) {transformation: [-1f,0f,0f,0f,0f,0.9997f,-0.0262f,2.625f,0f,-0.0262f,-0.9997f,0.1438f,0f,0f,0f,1f],start_interpolation: 0,interpolation_duration: 1}
$data merge entity $(bone_spinny_part) {transformation: [0.9855f,0.0447f,0.1638f,-0.4155f,0.0447f,0.8626f,-0.504f,3.2447f,-0.1638f,0.504f,0.848f,1.7467f,0f,0f,0f,1f],start_interpolation: 0,interpolation_duration: 1}
$data merge entity $(bone_staff) {transformation: [-0.2832f,0.0772f,1.7041f,-0.5187f,0.8715f,1.4915f,0.0772f,1.25f,-1.4664f,0.8715f,-0.2832f,0.5813f,0f,0f,0f,1f],start_interpolation: 0,interpolation_duration: 1}
data modify entity @s data merge value {"cameras":{"camera":{"posx":-6.3312456135846e-17,"posy":2.697294938426425,"posz":0.5169854375965919,"roty":0,"rotx":-1.5000000000000002}},"locators":{}}