# This file was generated by Animated Java via MC-Build. It is not recommended to edit this file directly.
$data merge entity $(bone_legs) {transformation: [-1f,0f,0f,0f,0f,0.9998f,0.0218f,1.25f,0f,0.0218f,-0.9998f,0f,0f,0f,0f,1f],start_interpolation: 0,interpolation_duration: 1}
$data merge entity $(bone_backbling) {transformation: [-1f,0f,0f,0f,0f,0.9999f,0.0109f,2.6922f,0f,0.0109f,-0.9999f,-0.4218f,0f,0f,0f,1f],start_interpolation: 0,interpolation_duration: 1}
$data merge entity $(bone_top) {transformation: [-1f,0f,0f,0f,0f,0.9999f,0.0109f,2.1249f,0f,0.0109f,-0.9999f,0.0095f,0f,0f,0f,1f],start_interpolation: 0,interpolation_duration: 1}
$data merge entity $(bone_body) {transformation: [-1f,0f,0f,0f,0f,0.9999f,0.0109f,1.25f,0f,0.0109f,-0.9999f,0f,0f,0f,0f,1f],start_interpolation: 0,interpolation_duration: 1}
$data merge entity $(bone_right1) {transformation: [-0.9842f,0.1748f,0.0298f,-0.5f,-0.036f,-0.0326f,-0.9988f,2.375f,-0.1736f,-0.9841f,0.0384f,0.0312f,0f,0f,0f,1f],start_interpolation: 0,interpolation_duration: 1}
$data merge entity $(bone_left1) {transformation: [-0.9538f,0.2553f,0.1584f,0.5f,0.03f,0.6054f,-0.7954f,2.375f,-0.2989f,-0.7539f,-0.5851f,0.0313f,0f,0f,0f,1f],start_interpolation: 0,interpolation_duration: 1}
$data merge entity $(bone_left2) {transformation: [-0.9239f,-0.3824f,0.0113f,0.5f,0.1517f,-0.3932f,-0.9069f,2.5f,0.3513f,-0.8362f,0.4212f,-0.2187f,0f,0f,0f,1f],start_interpolation: 0,interpolation_duration: 1}
$data merge entity $(bone_right2) {transformation: [-0.8854f,0.3768f,-0.2722f,-0.5f,0.1225f,-0.3758f,-0.9186f,2.5f,-0.4484f,-0.8466f,0.2866f,-0.2188f,0f,0f,0f,1f],start_interpolation: 0,interpolation_duration: 1}
$data merge entity $(bone_head) {transformation: [-1f,0f,0f,0f,0f,0.9998f,-0.0218f,2.625f,0f,-0.0218f,-0.9998f,0.1406f,0f,0f,0f,1f],start_interpolation: 0,interpolation_duration: 1}
$data merge entity $(bone_spinny_part) {transformation: [0f,0f,1f,-0.6562f,0.6428f,0.766f,0f,3.084f,-0.766f,0.6428f,0f,1.8927f,0f,0f,0f,1f],start_interpolation: 0,interpolation_duration: 1}
$data merge entity $(bone_staff) {transformation: [0f,0f,1.7292f,-0.6562f,1.1115f,1.3246f,0f,1.3125f,-1.3246f,1.1115f,0f,0.4062f,0f,0f,0f,1f],start_interpolation: 0,interpolation_duration: 1}
data modify entity @s data merge value {"cameras":{"camera":{"posx":-6.296794979490677e-17,"posy":2.6956657085804547,"posz":0.5141723298403058,"roty":0,"rotx":-1.25}},"locators":{}}