# This file was generated by Animated Java via MC-Build. It is not recommended to edit this file directly.
$data merge entity $(bone_legs) {transformation: [-1f,0f,0f,0f,0f,0.9998f,0.0175f,1.25f,0f,0.0175f,-0.9998f,0f,0f,0f,0f,1f],start_interpolation: 0,interpolation_duration: 1}
$data merge entity $(bone_backbling) {transformation: [-1f,0f,0f,0f,0f,1f,0.0087f,2.6913f,0f,0.0087f,-1f,-0.4249f,0f,0f,0f,1f],start_interpolation: 0,interpolation_duration: 1}
$data merge entity $(bone_top) {transformation: [-1f,0f,0f,0f,0f,1f,0.0087f,2.125f,0f,0.0087f,-1f,0.0076f,0f,0f,0f,1f],start_interpolation: 0,interpolation_duration: 1}
$data merge entity $(bone_body) {transformation: [-1f,0f,0f,0f,0f,1f,0.0087f,1.25f,0f,0.0087f,-1f,0f,0f,0f,0f,1f],start_interpolation: 0,interpolation_duration: 1}
$data merge entity $(bone_right1) {transformation: [-0.9871f,0.158f,0.026f,-0.5f,-0.0015f,0.1532f,-0.9882f,2.375f,-0.1601f,-0.9755f,-0.151f,0.0312f,0f,0f,0f,1f],start_interpolation: 0,interpolation_duration: 1}
$data merge entity $(bone_left1) {transformation: [-0.9704f,0.1788f,0.1626f,0.5f,0.0244f,0.7418f,-0.6702f,2.375f,-0.2405f,-0.6463f,-0.7242f,0.0313f,0f,0f,0f,1f],start_interpolation: 0,interpolation_duration: 1}
$data merge entity $(bone_left2) {transformation: [-0.9509f,-0.288f,-0.113f,0.5f,0.1245f,-0.0219f,-0.992f,2.5f,0.2832f,-0.9574f,0.0567f,-0.2187f,0f,0f,0f,1f],start_interpolation: 0,interpolation_duration: 1}
$data merge entity $(bone_right2) {transformation: [-0.926f,0.3666f,-0.0904f,-0.5f,0.1022f,0.0129f,-0.9947f,2.5f,-0.3635f,-0.9303f,-0.0494f,-0.2188f,0f,0f,0f,1f],start_interpolation: 0,interpolation_duration: 1}
$data merge entity $(bone_head) {transformation: [-1f,0f,0f,0f,0f,0.9998f,-0.0175f,2.625f,0f,-0.0175f,-0.9998f,0.1375f,0f,0f,0f,1f],start_interpolation: 0,interpolation_duration: 1}
$data merge entity $(bone_spinny_part) {transformation: [-0.1638f,0.0447f,0.9855f,-0.553f,0.504f,0.8626f,0.0447f,3.0322f,-0.848f,0.504f,-0.1638f,1.6467f,0f,0f,0f,1f],start_interpolation: 0,interpolation_duration: 1}
$data merge entity $(bone_staff) {transformation: [-0.2832f,0.0772f,1.7041f,-0.6563f,0.8715f,1.4915f,0.0772f,1.0375f,-1.4664f,0.8715f,-0.2832f,0.4813f,0f,0f,0f,1f],start_interpolation: 0,interpolation_duration: 1}
data modify entity @s data merge value {"cameras":{"camera":{"posx":-6.262257250932586e-17,"posy":2.6940351333612558,"posz":0.5113521102813166,"roty":0,"rotx":-1}},"locators":{}}