# This file was generated by Animated Java via MC-Build. It is not recommended to edit this file directly.
$data merge entity $(bone_legs) {transformation: [-1f,0f,0f,0f,0f,0.9999f,0.0131f,1.25f,0f,0.0131f,-0.9999f,0f,0f,0f,0f,1f],start_interpolation: 0,interpolation_duration: 1}
$data merge entity $(bone_backbling) {transformation: [-1f,0f,0f,0f,0f,1f,0.0065f,2.6903f,0f,0.0065f,-1f,-0.4281f,0f,0f,0f,1f],start_interpolation: 0,interpolation_duration: 1}
$data merge entity $(bone_top) {transformation: [-1f,0f,0f,0f,0f,1f,0.0065f,2.125f,0f,0.0065f,-1f,0.0057f,0f,0f,0f,1f],start_interpolation: 0,interpolation_duration: 1}
$data merge entity $(bone_body) {transformation: [-1f,0f,0f,0f,0f,1f,0.0065f,1.25f,0f,0.0065f,-1f,0f,0f,0f,0f,1f],start_interpolation: 0,interpolation_duration: 1}
$data merge entity $(bone_right1) {transformation: [-0.9886f,0.1492f,0.018f,-0.5f,0.0333f,0.3344f,-0.9418f,2.375f,-0.1465f,-0.9306f,-0.3356f,0.0312f,0f,0f,0f,1f],start_interpolation: 0,interpolation_duration: 1}
$data merge entity $(bone_left1) {transformation: [-0.9833f,0.1102f,0.1449f,0.5f,0.0185f,0.8524f,-0.5225f,2.375f,-0.1811f,-0.5111f,-0.8402f,0.0313f,0f,0f,0f,1f],start_interpolation: 0,interpolation_duration: 1}
$data merge entity $(bone_left2) {transformation: [-0.9723f,-0.1666f,-0.1642f,0.5f,0.0952f,0.3593f,-0.9284f,2.5f,0.2137f,-0.9182f,-0.3334f,-0.2187f,0f,0f,0f,1f],start_interpolation: 0,interpolation_duration: 1}
$data merge entity $(bone_right2) {transformation: [-0.9581f,0.2837f,0.0402f,-0.5f,0.0792f,0.3971f,-0.9144f,2.5f,-0.2754f,-0.8728f,-0.4029f,-0.2188f,0f,0f,0f,1f],start_interpolation: 0,interpolation_duration: 1}
$data merge entity $(bone_head) {transformation: [-1f,0f,0f,0f,0f,0.9999f,-0.0131f,2.625f,0f,-0.0131f,-0.9999f,0.1344f,0f,0f,0f,1f],start_interpolation: 0,interpolation_duration: 1}
$data merge entity $(bone_spinny_part) {transformation: [-0.2391f,0.0411f,0.9701f,-0.5612f,0.3291f,0.9434f,0.0411f,2.9441f,-0.9135f,0.3291f,-0.2391f,1.3172f,0f,0f,0f,1f],start_interpolation: 0,interpolation_duration: 1}
$data merge entity $(bone_staff) {transformation: [-0.4134f,0.0711f,1.6775f,-0.6563f,0.569f,1.6313f,0.0711f,0.7625f,-1.5797f,0.569f,-0.4134f,0.5563f,0f,0f,0f,1f],start_interpolation: 0,interpolation_duration: 1}
data modify entity @s data merge value {"cameras":{"camera":{"posx":-6.227632356849215e-17,"posy":2.6924032438126297,"posz":0.5085247731170436,"roty":0,"rotx":-0.7500000000000001}},"locators":{}}