# This file was generated by Animated Java via MC-Build. It is not recommended to edit this file directly.
$data merge entity $(bone_legs) {transformation: [-1f,0f,0f,0f,0f,1f,0.0087f,1.25f,0f,0.0087f,-1f,0f,0f,0f,0f,1f],start_interpolation: 0,interpolation_duration: 1}
$data merge entity $(bone_backbling) {transformation: [-1f,0f,0f,0f,0f,1f,0.0044f,2.6894f,0f,0.0044f,-1f,-0.4312f,0f,0f,0f,1f],start_interpolation: 0,interpolation_duration: 1}
$data merge entity $(bone_top) {transformation: [-1f,0f,0f,0f,0f,1f,0.0044f,2.125f,0f,0.0044f,-1f,0.0038f,0f,0f,0f,1f],start_interpolation: 0,interpolation_duration: 1}
$data merge entity $(bone_body) {transformation: [-1f,0f,0f,0f,0f,1f,0.0044f,1.25f,0f,0.0044f,-1f,0f,0f,0f,0f,1f],start_interpolation: 0,interpolation_duration: 1}
$data merge entity $(bone_right1) {transformation: [-0.9888f,0.1491f,0.0091f,-0.5f,0.0681f,0.5039f,-0.8611f,2.375f,-0.1329f,-0.8508f,-0.5084f,0.0312f,0f,0f,0f,1f],start_interpolation: 0,interpolation_duration: 1}
$data merge entity $(bone_left1) {transformation: [-0.9926f,0.0549f,0.1087f,0.5f,0.0125f,0.9337f,-0.3577f,2.375f,-0.1211f,-0.3537f,-0.9275f,0.0313f,0f,0f,0f,1f],start_interpolation: 0,interpolation_duration: 1}
$data merge entity $(bone_left2) {transformation: [-0.9876f,-0.0593f,-0.1453f,0.5f,0.0644f,0.6912f,-0.7198f,2.5f,0.1431f,-0.7202f,-0.6788f,-0.2187f,0f,0f,0f,1f],start_interpolation: 0,interpolation_duration: 1}
$data merge entity $(bone_right2) {transformation: [-0.9813f,0.1669f,0.0962f,-0.5f,0.054f,0.7175f,-0.6944f,2.5f,-0.1849f,-0.6762f,-0.7131f,-0.2188f,0f,0f,0f,1f],start_interpolation: 0,interpolation_duration: 1}
$data merge entity $(bone_head) {transformation: [-1f,0f,0f,0f,0f,1f,-0.0087f,2.625f,0f,-0.0087f,-1f,0.1313f,0f,0f,0f,1f],start_interpolation: 0,interpolation_duration: 1}
$data merge entity $(bone_spinny_part) {transformation: [-0.223f,0.0184f,0.9746f,-0.6137f,0.162f,0.9866f,0.0184f,2.7691f,-0.9613f,0.162f,-0.223f,1.0059f,0f,0f,0f,1f],start_interpolation: 0,interpolation_duration: 1}
$data merge entity $(bone_staff) {transformation: [-0.3856f,0.0319f,1.6853f,-0.6563f,0.2802f,1.706f,0.0319f,0.4875f,-1.6622f,0.2802f,-0.3856f,0.6312f,0f,0f,0f,1f],start_interpolation: 0,interpolation_duration: 1}
data modify entity @s data merge value {"cameras":{"camera":{"posx":-6.192920227838954e-17,"posy":2.690770071003401,"posz":0.5056903126804159,"roty":0,"rotx":-0.5}},"locators":{}}