# This file was generated by Animated Java via MC-Build. It is not recommended to edit this file directly.
$data merge entity $(bone_legs) {transformation: [-1f,0f,0f,0f,0f,1f,0.0044f,1.25f,0f,0.0044f,-1f,0f,0f,0f,0f,1f],start_interpolation: 0,interpolation_duration: 1}
$data merge entity $(bone_backbling) {transformation: [-1f,0f,0f,0f,0f,1f,0.0022f,2.6885f,0f,0.0022f,-1f,-0.4344f,0f,0f,0f,1f],start_interpolation: 0,interpolation_duration: 1}
$data merge entity $(bone_top) {transformation: [-1f,0f,0f,0f,0f,1f,0.0022f,2.125f,0f,0.0022f,-1f,0.0019f,0f,0f,0f,1f],start_interpolation: 0,interpolation_duration: 1}
$data merge entity $(bone_body) {transformation: [-1f,0f,0f,0f,0f,1f,0.0022f,1.25f,0f,0.0022f,-1f,0f,0f,0f,0f,1f],start_interpolation: 0,interpolation_duration: 1}
$data merge entity $(bone_right1) {transformation: [-0.9875f,0.1576f,0.0021f,-0.5f,0.1029f,0.6549f,-0.7487f,2.375f,-0.1193f,-0.7391f,-0.663f,0.0312f,0f,0f,0f,1f],start_interpolation: 0,interpolation_duration: 1}
$data merge entity $(bone_left1) {transformation: [-0.9981f,0.0172f,0.0585f,0.5f,0.0063f,0.9834f,-0.1815f,2.375f,-0.0607f,-0.1808f,-0.9816f,0.0313f,0f,0f,0f,1f],start_interpolation: 0,interpolation_duration: 1}
$data merge entity $(bone_left2) {transformation: [-0.9969f,0.0015f,-0.0787f,0.5f,0.0325f,0.9186f,-0.394f,2.5f,0.0717f,-0.3953f,-0.9158f,-0.2187f,0f,0f,0f,1f],start_interpolation: 0,interpolation_duration: 1}
$data merge entity $(bone_right2) {transformation: [-0.9953f,0.0599f,0.0761f,-0.5f,0.0274f,0.9276f,-0.3726f,2.5f,-0.0929f,-0.3688f,-0.9249f,-0.2188f,0f,0f,0f,1f],start_interpolation: 0,interpolation_duration: 1}
$data merge entity $(bone_head) {transformation: [-1f,0f,0f,0f,0f,1f,-0.0044f,2.625f,0f,-0.0044f,-1f,0.1281f,0f,0f,0f,1f],start_interpolation: 0,interpolation_duration: 1}
$data merge entity $(bone_spinny_part) {transformation: [-0.1324f,0.0029f,0.9912f,-0.6496f,0.043f,0.9991f,0.0029f,2.5229f,-0.9903f,0.043f,-0.1324f,0.8057f,0f,0f,0f,1f],start_interpolation: 0,interpolation_duration: 1}
$data merge entity $(bone_staff) {transformation: [-0.2289f,0.0049f,1.7139f,-0.6563f,0.0744f,1.7276f,0.0049f,0.2125f,-1.7123f,0.0744f,-0.2289f,0.7062f,0f,0f,0f,1f],start_interpolation: 0,interpolation_duration: 1}
data modify entity @s data merge value {"cameras":{"camera":{"posx":-6.158120796161027e-17,"posy":2.689135646026826,"posz":0.5028487234399788,"roty":0,"rotx":-0.25}},"locators":{}}