# This file was generated by Animated Java via MC-Build. It is not recommended to edit this file directly.
$data merge entity $(bone_legs) {transformation: [-1f,0f,0f,0f,0f,0.9998f,0.0175f,1.25f,0f,0.0175f,-0.9998f,0f,0f,0f,0f,1f],start_interpolation: 0,interpolation_duration: 1}
$data merge entity $(bone_backbling) {transformation: [-1f,0f,0f,0f,0f,1f,0.0087f,2.6913f,0f,0.0087f,-1f,-0.4249f,0f,0f,0f,1f],start_interpolation: 0,interpolation_duration: 1}
$data merge entity $(bone_top) {transformation: [-1f,0f,0f,0f,0f,1f,0.0087f,2.125f,0f,0.0087f,-1f,0.0076f,0f,0f,0f,1f],start_interpolation: 0,interpolation_duration: 1}
$data merge entity $(bone_body) {transformation: [-1f,0f,0f,0f,0f,1f,0.0087f,1.25f,0f,0.0087f,-1f,0f,0f,0f,0f,1f],start_interpolation: 0,interpolation_duration: 1}
$data merge entity $(bone_right1) {transformation: [-0.9928f,-0.0369f,-0.1143f,-0.5f,0.0758f,0.5466f,-0.8339f,2.375f,0.0932f,-0.8366f,-0.5399f,0.0312f,0f,0f,0f,1f],start_interpolation: 0,interpolation_duration: 1}
$data merge entity $(bone_left1) {transformation: [-0.9925f,0.0718f,0.0985f,0.5f,0.0109f,0.8573f,-0.5147f,2.375f,-0.1214f,-0.5098f,-0.8517f,0.0313f,0f,0f,0f,1f],start_interpolation: 0,interpolation_duration: 1}
$data merge entity $(bone_left2) {transformation: [-0.9986f,0.0003f,-0.0524f,0.5f,0.0204f,0.9231f,-0.384f,2.5f,0.0483f,-0.3845f,-0.9219f,-0.2187f,0f,0f,0f,1f],start_interpolation: 0,interpolation_duration: 1}
$data merge entity $(bone_right2) {transformation: [-0.997f,0.0584f,0.0504f,-0.5f,0.0363f,0.9318f,-0.3611f,2.5f,-0.0681f,-0.3582f,-0.9312f,-0.2188f,0f,0f,0f,1f],start_interpolation: 0,interpolation_duration: 1}
$data merge entity $(bone_head) {transformation: [-1f,0f,0f,0f,0f,0.9998f,-0.0175f,2.625f,0f,-0.0175f,-0.9998f,0.1375f,0f,0f,0f,1f],start_interpolation: 0,interpolation_duration: 1}
$data merge entity $(bone_spinny_part) {transformation: [0f,-0.0087f,1f,-0.3764f,0f,1f,0.0087f,2.6249f,-1f,0f,0f,0.9813f,0f,0f,0f,1f],start_interpolation: 0,interpolation_duration: 1}
$data merge entity $(bone_staff) {transformation: [0f,-0.0151f,1.7291f,-0.3563f,0f,1.7291f,0.0151f,0.3125f,-1.7292f,0f,0f,0.9813f,0f,0f,0f,1f],start_interpolation: 0,interpolation_duration: 1}
data modify entity @s data merge value {"cameras":{"camera":{"posx":-6.262257250932586e-17,"posy":2.6940351333612558,"posz":0.5113521102813166,"roty":0,"rotx":-1}},"locators":{}}