# This file was generated by Animated Java via MC-Build. It is not recommended to edit this file directly.
$data merge entity $(bone_legs) {transformation: [-1f,0f,0f,0f,0f,0.9998f,0.0218f,1.25f,0f,0.0218f,-0.9998f,0f,0f,0f,0f,1f],start_interpolation: 0,interpolation_duration: 1}
$data merge entity $(bone_backbling) {transformation: [-1f,0f,0f,0f,0f,0.9999f,0.0109f,2.6922f,0f,0.0109f,-0.9999f,-0.4218f,0f,0f,0f,1f],start_interpolation: 0,interpolation_duration: 1}
$data merge entity $(bone_top) {transformation: [-1f,0f,0f,0f,0f,0.9999f,0.0109f,2.1249f,0f,0.0109f,-0.9999f,0.0095f,0f,0f,0f,1f],start_interpolation: 0,interpolation_duration: 1}
$data merge entity $(bone_body) {transformation: [-1f,0f,0f,0f,0f,0.9999f,0.0109f,1.25f,0f,0.0109f,-0.9999f,0f,0f,0f,0f,1f],start_interpolation: 0,interpolation_duration: 1}
$data merge entity $(bone_right1) {transformation: [-0.988f,-0.0978f,-0.1199f,-0.5f,0.0598f,0.4734f,-0.8788f,2.375f,0.1427f,-0.8754f,-0.4618f,0.0312f,0f,0f,0f,1f],start_interpolation: 0,interpolation_duration: 1}
$data merge entity $(bone_left1) {transformation: [-0.9884f,0.1053f,0.1098f,0.5f,0.0136f,0.7798f,-0.6258f,2.375f,-0.1515f,-0.6171f,-0.7722f,0.0313f,0f,0f,0f,1f],start_interpolation: 0,interpolation_duration: 1}
$data merge entity $(bone_left2) {transformation: [-0.9979f,-0.0061f,-0.0652f,0.5f,0.0255f,0.8809f,-0.4726f,2.5f,0.0603f,-0.4733f,-0.8789f,-0.2187f,0f,0f,0f,1f],start_interpolation: 0,interpolation_duration: 1}
$data merge entity $(bone_right2) {transformation: [-0.9953f,0.0784f,0.056f,-0.5f,0.0453f,0.8938f,-0.4461f,2.5f,-0.0851f,-0.4415f,-0.8932f,-0.2188f,0f,0f,0f,1f],start_interpolation: 0,interpolation_duration: 1}
$data merge entity $(bone_head) {transformation: [-1f,0f,0f,0f,0f,0.9998f,-0.0218f,2.625f,0f,-0.0218f,-0.9998f,0.1406f,0f,0f,0f,1f],start_interpolation: 0,interpolation_duration: 1}
$data merge entity $(bone_spinny_part) {transformation: [0f,-0.0109f,0.9999f,-0.3065f,0f,0.9999f,0.0109f,2.7186f,-1f,0f,0f,1.0313f,0f,0f,0f,1f],start_interpolation: 0,interpolation_duration: 1}
$data merge entity $(bone_staff) {transformation: [0f,-0.0189f,1.7291f,-0.2813f,0f,1.7291f,0.0189f,0.4063f,-1.7292f,0f,0f,1.0313f,0f,0f,0f,1f],start_interpolation: 0,interpolation_duration: 1}
data modify entity @s data merge value {"cameras":{"camera":{"posx":-6.296794979490677e-17,"posy":2.6956657085804547,"posz":0.5141723298403058,"roty":0,"rotx":-1.25}},"locators":{}}