# This file was generated by Animated Java via MC-Build. It is not recommended to edit this file directly.
$data merge entity $(bone_legs) {transformation: [-1f,0f,0f,0f,0f,0.9997f,0.0262f,1.25f,0f,0.0262f,-0.9997f,0f,0f,0f,0f,1f],start_interpolation: 0,interpolation_duration: 1}
$data merge entity $(bone_backbling) {transformation: [-1f,0f,0f,0f,0f,0.9999f,0.0131f,2.6931f,0f,0.0131f,-0.9999f,-0.4186f,0f,0f,0f,1f],start_interpolation: 0,interpolation_duration: 1}
$data merge entity $(bone_top) {transformation: [-1f,0f,0f,0f,0f,0.9999f,0.0131f,2.1249f,0f,0.0131f,-0.9999f,0.0115f,0f,0f,0f,1f],start_interpolation: 0,interpolation_duration: 1}
$data merge entity $(bone_body) {transformation: [-1f,0f,0f,0f,0f,0.9999f,0.0131f,1.25f,0f,0.0131f,-0.9999f,0f,0f,0f,0f,1f],start_interpolation: 0,interpolation_duration: 1}
$data merge entity $(bone_right1) {transformation: [-0.9804f,-0.1593f,-0.1155f,-0.5f,0.0439f,0.3949f,-0.9177f,2.375f,0.1918f,-0.9048f,-0.3802f,0.0312f,0f,0f,0f,1f],start_interpolation: 0,interpolation_duration: 1}
$data merge entity $(bone_left1) {transformation: [-0.9833f,0.1427f,0.1133f,0.5f,0.0162f,0.6879f,-0.7256f,2.375f,-0.1815f,-0.7116f,-0.6787f,0.0313f,0f,0f,0f,1f],start_interpolation: 0,interpolation_duration: 1}
$data merge entity $(bone_left2) {transformation: [-0.9969f,-0.015f,-0.0771f,0.5f,0.0306f,0.8302f,-0.5566f,2.5f,0.0724f,-0.5572f,-0.8272f,-0.2187f,0f,0f,0f,1f],start_interpolation: 0,interpolation_duration: 1}
$data merge entity $(bone_right2) {transformation: [-0.9933f,0.0998f,0.0583f,-0.5f,0.0542f,0.8479f,-0.5274f,2.5f,-0.102f,-0.5207f,-0.8476f,-0.2188f,0f,0f,0f,1f],start_interpolation: 0,interpolation_duration: 1}
$data merge entity $(bone_head) {transformation: [-1f,0f,0f,0f,0f,0.9997f,-0.0262f,2.625f,0f,-0.0262f,-0.9997f,0.1438f,0f,0f,0f,1f],start_interpolation: 0,interpolation_duration: 1}
$data merge entity $(bone_spinny_part) {transformation: [0f,-0.0131f,0.9999f,-0.2365f,0f,0.9999f,0.0131f,2.8123f,-1f,0f,0f,1.0813f,0f,0f,0f,1f],start_interpolation: 0,interpolation_duration: 1}
$data merge entity $(bone_staff) {transformation: [0f,-0.0226f,1.729f,-0.2063f,0f,1.729f,0.0226f,0.5f,-1.7292f,0f,0f,1.0813f,0f,0f,0f,1f],start_interpolation: 0,interpolation_duration: 1}
data modify entity @s data merge value {"cameras":{"camera":{"posx":-6.3312456135846e-17,"posy":2.697294938426425,"posz":0.5169854375965919,"roty":0,"rotx":-1.5000000000000002}},"locators":{}}