# This file was generated by Animated Java via MC-Build. It is not recommended to edit this file directly.
$data merge entity $(bone_legs) {transformation: [-1f,0f,0f,0f,0f,0.9995f,0.0305f,1.25f,0f,0.0305f,-0.9995f,0f,0f,0f,0f,1f],start_interpolation: 0,interpolation_duration: 1}
$data merge entity $(bone_backbling) {transformation: [-1f,0f,0f,0f,0f,0.9999f,0.0153f,2.694f,0f,0.0153f,-0.9999f,-0.4155f,0f,0f,0f,1f],start_interpolation: 0,interpolation_duration: 1}
$data merge entity $(bone_top) {transformation: [-1f,0f,0f,0f,0f,0.9999f,0.0153f,2.1249f,0f,0.0153f,-0.9999f,0.0134f,0f,0f,0f,1f],start_interpolation: 0,interpolation_duration: 1}
$data merge entity $(bone_body) {transformation: [-1f,0f,0f,0f,0f,0.9999f,0.0153f,1.25f,0f,0.0153f,-0.9999f,0f,0f,0f,0f,1f],start_interpolation: 0,interpolation_duration: 1}
$data merge entity $(bone_right1) {transformation: [-0.9702f,-0.22f,-0.101f,-0.5f,0.0282f,0.3117f,-0.9498f,2.375f,0.2405f,-0.9243f,-0.2963f,0.0312f,0f,0f,0f,1f],start_interpolation: 0,interpolation_duration: 1}
$data merge entity $(bone_left1) {transformation: [-0.9772f,0.1824f,0.1084f,0.5f,0.0188f,0.5832f,-0.8121f,2.375f,-0.2114f,-0.7916f,-0.5734f,0.0313f,0f,0f,0f,1f],start_interpolation: 0,interpolation_duration: 1}
$data merge entity $(bone_left2) {transformation: [-0.9958f,-0.0263f,-0.0878f,0.5f,0.0356f,0.7717f,-0.635f,2.5f,0.0844f,-0.6355f,-0.7675f,-0.2187f,0f,0f,0f,1f],start_interpolation: 0,interpolation_duration: 1}
$data merge entity $(bone_right2) {transformation: [-0.9909f,0.1221f,0.0569f,-0.5f,0.0632f,0.7944f,-0.6042f,2.5f,-0.1189f,-0.5951f,-0.7948f,-0.2188f,0f,0f,0f,1f],start_interpolation: 0,interpolation_duration: 1}
$data merge entity $(bone_head) {transformation: [-1f,0f,0f,0f,0f,0.9995f,-0.0305f,2.625f,0f,-0.0305f,-0.9995f,0.1469f,0f,0f,0f,1f],start_interpolation: 0,interpolation_duration: 1}
$data merge entity $(bone_spinny_part) {transformation: [0f,-0.0153f,0.9999f,-0.1666f,0f,0.9999f,0.0153f,2.906f,-1f,0f,0f,1.1313f,0f,0f,0f,1f],start_interpolation: 0,interpolation_duration: 1}
$data merge entity $(bone_staff) {transformation: [0f,-0.0264f,1.729f,-0.1313f,0f,1.729f,0.0264f,0.5938f,-1.7292f,0f,0f,1.1313f,0f,0f,0f,1f],start_interpolation: 0,interpolation_duration: 1}
data modify entity @s data merge value {"cameras":{"camera":{"posx":-6.365609225933623e-17,"posy":2.698922791880978,"posz":0.5197914394881534,"roty":0,"rotx":-1.7500000000000004}},"locators":{}}