# This file was generated by Animated Java via MC-Build. It is not recommended to edit this file directly.
$data merge entity $(bone_legs) {transformation: [-1f,0f,0f,0f,0f,0.9994f,0.0349f,1.25f,0f,0.0349f,-0.9994f,0f,0f,0f,0f,1f],start_interpolation: 0,interpolation_duration: 1}
$data merge entity $(bone_backbling) {transformation: [-1f,0f,0f,0f,0f,0.9998f,0.0175f,2.6949f,0f,0.0175f,-0.9998f,-0.4123f,0f,0f,0f,1f],start_interpolation: 0,interpolation_duration: 1}
$data merge entity $(bone_top) {transformation: [-1f,0f,0f,0f,0f,0.9998f,0.0175f,2.1249f,0f,0.0175f,-0.9998f,0.0153f,0f,0f,0f,1f],start_interpolation: 0,interpolation_duration: 1}
$data merge entity $(bone_body) {transformation: [-1f,0f,0f,0f,0f,0.9998f,0.0175f,1.25f,0f,0.0175f,-0.9998f,0f,0f,0f,0f,1f],start_interpolation: 0,interpolation_duration: 1}
$data merge entity $(bone_right1) {transformation: [-0.9574f,-0.2784f,-0.0767f,-0.5f,0.0128f,0.2244f,-0.9744f,2.375f,0.2885f,-0.9339f,-0.2113f,0.0312f,0f,0f,0f,1f],start_interpolation: 0,interpolation_duration: 1}
$data merge entity $(bone_left1) {transformation: [-0.9703f,0.2227f,0.0945f,0.5f,0.0213f,0.4677f,-0.8836f,2.375f,-0.241f,-0.8554f,-0.4585f,0.0313f,0f,0f,0f,1f],start_interpolation: 0,interpolation_duration: 1}
$data merge entity $(bone_left2) {transformation: [-0.9945f,-0.0397f,-0.0968f,0.5f,0.0407f,0.7058f,-0.7072f,2.5f,0.0964f,-0.7073f,-0.7003f,-0.2187f,0f,0f,0f,1f],start_interpolation: 0,interpolation_duration: 1}
$data merge entity $(bone_right2) {transformation: [-0.9881f,0.1447f,0.0518f,-0.5f,0.072f,0.7336f,-0.6757f,2.5f,-0.1358f,-0.664f,-0.7353f,-0.2188f,0f,0f,0f,1f],start_interpolation: 0,interpolation_duration: 1}
$data merge entity $(bone_head) {transformation: [-1f,0f,0f,0f,0f,0.9994f,-0.0349f,2.625f,0f,-0.0349f,-0.9994f,0.15f,0f,0f,0f,1f],start_interpolation: 0,interpolation_duration: 1}
$data merge entity $(bone_spinny_part) {transformation: [0f,-0.0175f,0.9998f,-0.0966f,0f,0.9998f,0.0175f,2.9996f,-1f,0f,0f,1.1813f,0f,0f,0f,1f],start_interpolation: 0,interpolation_duration: 1}
$data merge entity $(bone_staff) {transformation: [0f,-0.0302f,1.7289f,-0.0563f,0f,1.7289f,0.0302f,0.6875f,-1.7292f,0f,0f,1.1813f,0f,0f,0f,1f],start_interpolation: 0,interpolation_duration: 1}
data modify entity @s data merge value {"cameras":{"camera":{"posx":-6.399885890913779e-17,"posy":2.7005492379521314,"posz":0.5225903415882546,"roty":0,"rotx":-2}},"locators":{}}