# This file was generated by Animated Java via MC-Build. It is not recommended to edit this file directly.
$data merge entity $(bone_legs) {transformation: [-1f,0f,0f,0f,0f,0.9992f,0.0393f,1.25f,0f,0.0393f,-0.9992f,0f,0f,0f,0f,1f],start_interpolation: 0,interpolation_duration: 1}
$data merge entity $(bone_backbling) {transformation: [-1f,0f,0f,0f,0f,0.9998f,0.0196f,2.6958f,0f,0.0196f,-0.9998f,-0.4092f,0f,0f,0f,1f],start_interpolation: 0,interpolation_duration: 1}
$data merge entity $(bone_top) {transformation: [-1f,0f,0f,0f,0f,0.9998f,0.0196f,2.1248f,0f,0.0196f,-0.9998f,0.0172f,0f,0f,0f,1f],start_interpolation: 0,interpolation_duration: 1}
$data merge entity $(bone_body) {transformation: [-1f,0f,0f,0f,0f,0.9998f,0.0196f,1.25f,0f,0.0196f,-0.9998f,0f,0f,0f,0f,1f],start_interpolation: 0,interpolation_duration: 1}
$data merge entity $(bone_right1) {transformation: [-0.9419f,-0.3331f,-0.0428f,-0.5f,-0.0022f,0.1337f,-0.991f,2.375f,0.3358f,-0.9334f,-0.1267f,0.0312f,0f,0f,0f,1f],start_interpolation: 0,interpolation_duration: 1}
$data merge entity $(bone_left1) {transformation: [-0.9625f,0.2619f,0.0714f,0.5f,0.0238f,0.3433f,-0.9389f,2.375f,-0.2704f,-0.902f,-0.3366f,0.0313f,0f,0f,0f,1f],start_interpolation: 0,interpolation_duration: 1}
$data merge entity $(bone_left2) {transformation: [-0.9931f,-0.0552f,-0.1039f,0.5f,0.0457f,0.6333f,-0.7726f,2.5f,0.1084f,-0.772f,-0.6264f,-0.2187f,0f,0f,0f,1f],start_interpolation: 0,interpolation_duration: 1}
$data merge entity $(bone_right2) {transformation: [-0.985f,0.1673f,0.043f,-0.5f,0.0808f,0.6662f,-0.7414f,2.5f,-0.1527f,-0.7268f,-0.6697f,-0.2188f,0f,0f,0f,1f],start_interpolation: 0,interpolation_duration: 1}
$data merge entity $(bone_head) {transformation: [-1f,0f,0f,0f,0f,0.9992f,-0.0393f,2.625f,0f,-0.0393f,-0.9992f,0.1531f,0f,0f,0f,1f],start_interpolation: 0,interpolation_duration: 1}
$data merge entity $(bone_spinny_part) {transformation: [0f,-0.0196f,0.9998f,-0.0267f,0f,0.9998f,0.0196f,3.0933f,-1f,0f,0f,1.2313f,0f,0f,0f,1f],start_interpolation: 0,interpolation_duration: 1}
$data merge entity $(bone_staff) {transformation: [0f,-0.0339f,1.7288f,0.0187f,0f,1.7288f,0.0339f,0.7813f,-1.7292f,0f,0f,1.2313f,0f,0f,0f,1f],start_interpolation: 0,interpolation_duration: 1}
data modify entity @s data merge value {"cameras":{"camera":{"posx":-6.434075684556458e-17,"posy":2.702174245674696,"posz":0.5253821501053293,"roty":0,"rotx":-2.25}},"locators":{}}