# This file was generated by Animated Java via MC-Build. It is not recommended to edit this file directly.
$data merge entity $(bone_body) {transformation: [-0.9979f,-0.0653f,-0.0043f,0f,-0.0648f,0.9958f,-0.0653f,0.3438f,0.0085f,-0.0648f,-0.9979f,0.0938f,0f,0f,0f,1f],start_interpolation: 0,interpolation_duration: 1}
$data merge entity $(bone_left) {transformation: [-1f,0f,0f,0f,0f,0.9914f,0.1305f,-0.0312f,0f,0.1305f,-0.9914f,-0.125f,0f,0f,0f,1f],start_interpolation: 0,interpolation_duration: 1}
$data merge entity $(bone_right) {transformation: [-1f,0f,0f,0f,0f,0.9914f,0.1305f,-0.0312f,0f,0.1305f,-0.9914f,-0.125f,0f,0f,0f,1f],start_interpolation: 0,interpolation_duration: 1}
$data merge entity $(bone_right2) {transformation: [-0.9914f,0.1305f,0f,-0.0938f,0.13f,0.9877f,0.0872f,0.0001f,0.0114f,0.0864f,-0.9962f,0.1223f,0f,0f,0f,1f],start_interpolation: 0,interpolation_duration: 1}
$data merge entity $(bone_left2) {transformation: [-0.9848f,-0.1736f,0f,0.125f,-0.173f,0.9811f,0.0872f,-0.031f,-0.0151f,0.0858f,-0.9962f,0.1196f,0f,0f,0f,1f],start_interpolation: 0,interpolation_duration: 1}
$data merge entity $(bone_top_mouth2) {transformation: [-0.9659f,-0.2588f,0.0056f,0.3613f,-0.2588f,0.9657f,-0.0211f,-0.4733f,0f,-0.0218f,-0.9998f,0.9116f,0f,0f,0f,1f],start_interpolation: 0,interpolation_duration: 1}
$data merge entity $(bone_top_mouth) {transformation: [-1.0464f,-0.2803f,0.0061f,0.3613f,-0.2804f,1.0462f,-0.0228f,-0.4733f,0f,-0.0236f,-1.0831f,0.9116f,0f,0f,0f,1f],start_interpolation: 0,interpolation_duration: 1}
$data merge entity $(bone_bottom_mouth) {transformation: [-0.9659f,-0.2527f,-0.056f,0.2898f,-0.2588f,0.943f,0.2091f,-0.2064f,0f,0.2164f,-0.9763f,0.6221f,0f,0f,0f,1f],start_interpolation: 0,interpolation_duration: 1}
$data merge entity $(bone_main_head) {transformation: [-0.9659f,-0.2578f,-0.0226f,0.2858f,-0.2588f,0.9623f,0.0842f,-0.1917f,0f,0.0872f,-0.9962f,0.0902f,0f,0f,0f,1f],start_interpolation: 0,interpolation_duration: 1}