# This file was generated by Animated Java via MC-Build. It is not recommended to edit this file directly.
$data merge entity $(bone_body) {transformation: [-0.9914f,-0.1305f,0f,0f,-0.1294f,0.983f,-0.1305f,0.375f,0.017f,-0.1294f,-0.9914f,0.1875f,0f,0f,0f,1f],start_interpolation: 0,interpolation_duration: 1}
$data merge entity $(bone_left) {transformation: [-1f,0f,0f,0f,0f,0.9659f,0.2588f,-0.0625f,0f,0.2588f,-0.9659f,-0.125f,0f,0f,0f,1f],start_interpolation: 0,interpolation_duration: 1}
$data merge entity $(bone_right) {transformation: [-1f,0f,0f,0f,0f,0.9659f,0.2588f,-0.0625f,0f,0.2588f,-0.9659f,-0.125f,0f,0f,0f,1f],start_interpolation: 0,interpolation_duration: 1}
$data merge entity $(bone_right2) {transformation: [-0.9659f,0.2588f,0f,-0.1875f,0.2549f,0.9513f,0.1736f,0.0009f,0.0449f,0.1677f,-0.9848f,0.1141f,0f,0f,0f,1f],start_interpolation: 0,interpolation_duration: 1}
$data merge entity $(bone_left2) {transformation: [-0.9397f,-0.342f,0f,0.25f,-0.3368f,0.9254f,0.1736f,-0.0606f,-0.0594f,0.1632f,-0.9848f,0.1033f,0f,0f,0f,1f],start_interpolation: 0,interpolation_duration: 1}
$data merge entity $(bone_top_mouth2) {transformation: [-0.866f,-0.4995f,0.0218f,0.7476f,-0.5f,0.8652f,-0.0378f,-0.2949f,0f,-0.0436f,-0.999f,0.9364f,0f,0f,0f,1f],start_interpolation: 0,interpolation_duration: 1}
$data merge entity $(bone_top_mouth) {transformation: [-0.9382f,-0.5412f,0.0236f,0.7476f,-0.5417f,0.9373f,-0.0409f,-0.2949f,0f,-0.0473f,-1.0823f,0.9364f,0f,0f,0f,1f],start_interpolation: 0,interpolation_duration: 1}
$data merge entity $(bone_bottom_mouth) {transformation: [-0.866f,-0.4532f,-0.2113f,0.5395f,-0.5f,0.7849f,0.366f,0.0656f,0f,0.4226f,-0.9063f,0.3752f,0f,0f,0f,1f],start_interpolation: 0,interpolation_duration: 1}
$data merge entity $(bone_main_head) {transformation: [-0.866f,-0.4924f,-0.0868f,0.5377f,-0.5f,0.8529f,0.1504f,0.0687f,0f,0.1736f,-0.9848f,-0.005f,0f,0f,0f,1f],start_interpolation: 0,interpolation_duration: 1}