# This file was generated by Animated Java via MC-Build. It is not recommended to edit this file directly.
$data merge entity $(bone_body) {transformation: [-0.9934f,-0.1143f,-0.0019f,0f,-0.1133f,0.987f,-0.1143f,0.375f,0.0149f,-0.1133f,-0.9934f,0.25f,0f,0f,0f,1f],start_interpolation: 0,interpolation_duration: 1}
$data merge entity $(bone_left) {transformation: [-1f,0f,0f,0f,0f,0.932f,0.3624f,-0.0937f,0f,0.3624f,-0.932f,-0.125f,0f,0f,0f,1f],start_interpolation: 0,interpolation_duration: 1}
$data merge entity $(bone_right) {transformation: [-1f,0f,0f,0f,0f,0.932f,0.3624f,-0.0937f,0f,0.3624f,-0.932f,-0.125f,0f,0f,0f,1f],start_interpolation: 0,interpolation_duration: 1}
$data merge entity $(bone_right2) {transformation: [-0.932f,0.3624f,0f,-0.2188f,0.3582f,0.9212f,0.1521f,-0.0475f,0.0551f,0.1418f,-0.9884f,0.1725f,0f,0f,0f,1f],start_interpolation: 0,interpolation_duration: 1}
$data merge entity $(bone_left2) {transformation: [-0.8969f,-0.4423f,0f,0.2813f,-0.4371f,0.8864f,0.1521f,-0.0784f,-0.0673f,0.1364f,-0.9884f,0.1678f,0f,0f,0f,1f],start_interpolation: 0,interpolation_duration: 1}
$data merge entity $(bone_top_mouth2) {transformation: [-0.7387f,-0.674f,0.0032f,0.9986f,-0.673f,0.7379f,0.051f,-0.1517f,-0.0367f,0.0356f,-0.9987f,0.8196f,0f,0f,0f,1f],start_interpolation: 0,interpolation_duration: 1}
$data merge entity $(bone_top_mouth) {transformation: [-0.8003f,-0.7301f,0.0034f,0.9986f,-0.7291f,0.7994f,0.0553f,-0.1517f,-0.0398f,0.0385f,-1.0819f,0.8196f,0f,0f,0f,1f],start_interpolation: 0,interpolation_duration: 1}
$data merge entity $(bone_bottom_mouth) {transformation: [-0.7387f,-0.6518f,-0.1714f,0.7396f,-0.673f,0.6995f,0.2403f,0.148f,-0.0367f,0.2928f,-0.9555f,0.5378f,0f,0f,0f,1f],start_interpolation: 0,interpolation_duration: 1}
$data merge entity $(bone_main_head) {transformation: [-0.7387f,-0.6686f,-0.0848f,0.7363f,-0.673f,0.7249f,0.1469f,0.1808f,-0.0367f,0.1656f,-0.9855f,0.0039f,0f,0f,0f,1f],start_interpolation: 0,interpolation_duration: 1}