# This file was generated by Animated Java via MC-Build. It is not recommended to edit this file directly.
$data merge entity $(bone_body) {transformation: [-0.9952f,-0.098f,-0.0032f,0f,-0.0972f,0.9904f,-0.098f,0.375f,0.0128f,-0.0972f,-0.9952f,0.3125f,0f,0f,0f,1f],start_interpolation: 0,interpolation_duration: 1}
$data merge entity $(bone_left) {transformation: [-1f,0f,0f,0f,0f,0.887f,0.4617f,-0.125f,0f,0.4617f,-0.887f,-0.125f,0f,0f,0f,1f],start_interpolation: 0,interpolation_duration: 1}
$data merge entity $(bone_right) {transformation: [-1f,0f,0f,0f,0f,0.887f,0.4617f,-0.125f,0f,0.4617f,-0.887f,-0.125f,0f,0f,0f,1f],start_interpolation: 0,interpolation_duration: 1}
$data merge entity $(bone_right2) {transformation: [-0.887f,0.4617f,0f,-0.25f,0.4578f,0.8794f,0.1305f,-0.0934f,0.0603f,0.1158f,-0.9914f,0.2326f,0f,0f,0f,1f],start_interpolation: 0,interpolation_duration: 1}
$data merge entity $(bone_left2) {transformation: [-0.8434f,-0.5373f,0f,0.3125f,-0.5327f,0.8362f,0.1305f,-0.0934f,-0.0701f,0.1101f,-0.9914f,0.2326f,0f,0f,0f,1f],start_interpolation: 0,interpolation_duration: 1}
$data merge entity $(bone_top_mouth2) {transformation: [-0.5768f,-0.8153f,-0.0513f,1.2165f,-0.8136f,0.5677f,0.1257f,0.0455f,-0.0734f,0.1143f,-0.9907f,0.7027f,0f,0f,0f,1f],start_interpolation: 0,interpolation_duration: 1}
$data merge entity $(bone_top_mouth) {transformation: [-0.6249f,-0.8832f,-0.0556f,1.2165f,-0.8814f,0.615f,0.1362f,0.0455f,-0.0795f,0.1238f,-1.0733f,0.7027f,0f,0f,0f,1f],start_interpolation: 0,interpolation_duration: 1}
$data merge entity $(bone_bottom_mouth) {transformation: [-0.5768f,-0.8123f,-0.0868f,0.9064f,-0.8136f,0.5617f,0.1504f,0.2656f,-0.0734f,0.1574f,-0.9848f,0.7002f,0f,0f,0f,1f],start_interpolation: 0,interpolation_duration: 1}
$data merge entity $(bone_main_head) {transformation: [-0.5768f,-0.8123f,-0.0868f,0.8975f,-0.8136f,0.5617f,0.1504f,0.3338f,-0.0734f,0.1574f,-0.9848f,0.0133f,0f,0f,0f,1f],start_interpolation: 0,interpolation_duration: 1}