# This file was generated by Animated Java via MC-Build. It is not recommended to edit this file directly.
$data merge entity $(bone_body) {transformation: [-0.9967f,-0.0816f,-0.004f,0f,-0.081f,0.9934f,-0.0816f,0.3646f,0.0106f,-0.081f,-0.9967f,0.2604f,0f,0f,0f,1f],start_interpolation: 0,interpolation_duration: 1}
$data merge entity $(bone_left) {transformation: [-1f,0f,0f,0f,0f,0.9211f,0.3894f,-0.1042f,0f,0.3894f,-0.9211f,-0.125f,0f,0f,0f,1f],start_interpolation: 0,interpolation_duration: 1}
$data merge entity $(bone_right) {transformation: [-1f,0f,0f,0f,0f,0.9211f,0.3894f,-0.1042f,0f,0.3894f,-0.9211f,-0.125f,0f,0f,0f,1f],start_interpolation: 0,interpolation_duration: 1}
$data merge entity $(bone_right2) {transformation: [-0.9211f,0.3894f,0f,-0.2083f,0.3871f,0.9156f,0.1089f,-0.0758f,0.0424f,0.1003f,-0.9941f,0.2172f,0f,0f,0f,1f],start_interpolation: 0,interpolation_duration: 1}
$data merge entity $(bone_left2) {transformation: [-0.8903f,-0.4553f,0f,0.2604f,-0.4526f,0.8851f,0.1089f,-0.0758f,-0.0496f,0.0969f,-0.9941f,0.2172f,0f,0f,0f,1f],start_interpolation: 0,interpolation_duration: 1}
$data merge entity $(bone_top_mouth2) {transformation: [-0.6989f,-0.7147f,-0.0256f,1.039f,-0.7126f,0.6929f,0.1104f,-0.1438f,-0.0612f,0.0954f,-0.9936f,0.7351f,0f,0f,0f,1f],start_interpolation: 0,interpolation_duration: 1}
$data merge entity $(bone_top_mouth) {transformation: [-0.7572f,-0.7743f,-0.0277f,1.039f,-0.772f,0.7506f,0.1196f,-0.1438f,-0.0663f,0.1033f,-1.0764f,0.7351f,0f,0f,0f,1f],start_interpolation: 0,interpolation_duration: 1}
$data merge entity $(bone_bottom_mouth) {transformation: [-0.6989f,-0.7133f,-0.0515f,0.7911f,-0.7126f,0.6884f,0.1355f,0.0999f,-0.0612f,0.1314f,-0.9894f,0.7287f,0f,0f,0f,1f],start_interpolation: 0,interpolation_duration: 1}
$data merge entity $(bone_main_head) {transformation: [-0.6989f,-0.7133f,-0.0515f,0.7928f,-0.7126f,0.6884f,0.1355f,0.1572f,-0.0612f,0.1314f,-0.9894f,0.0416f,0f,0f,0f,1f],start_interpolation: 0,interpolation_duration: 1}