# This file was generated by Animated Java via MC-Build. It is not recommended to edit this file directly.
$data merge entity $(bone_body) {transformation: [-0.9979f,-0.0653f,-0.0043f,0f,-0.0648f,0.9958f,-0.0653f,0.3542f,0.0085f,-0.0648f,-0.9979f,0.2083f,0f,0f,0f,1f],start_interpolation: 0,interpolation_duration: 1}
$data merge entity $(bone_left) {transformation: [-1f,0f,0f,0f,0f,0.9492f,0.3145f,-0.0833f,0f,0.3145f,-0.9492f,-0.125f,0f,0f,0f,1f],start_interpolation: 0,interpolation_duration: 1}
$data merge entity $(bone_right) {transformation: [-1f,0f,0f,0f,0f,0.9492f,0.3145f,-0.0833f,0f,0.3145f,-0.9492f,-0.125f,0f,0f,0f,1f],start_interpolation: 0,interpolation_duration: 1}
$data merge entity $(bone_right2) {transformation: [-0.9492f,0.3145f,0f,-0.1667f,0.3133f,0.9456f,0.0872f,-0.059f,0.0274f,0.0827f,-0.9962f,0.2008f,0f,0f,0f,1f],start_interpolation: 0,interpolation_duration: 1}
$data merge entity $(bone_left2) {transformation: [-0.9293f,-0.3692f,0f,0.2083f,-0.3678f,0.9258f,0.0872f,-0.059f,-0.0322f,0.081f,-0.9962f,0.2008f,0f,0f,0f,1f],start_interpolation: 0,interpolation_duration: 1}
$data merge entity $(bone_top_mouth2) {transformation: [-0.8035f,-0.5953f,-0.0062f,0.8431f,-0.5933f,0.7999f,0.0905f,-0.2989f,-0.0489f,0.0764f,-0.9959f,0.766f,0f,0f,0f,1f],start_interpolation: 0,interpolation_duration: 1}
$data merge entity $(bone_top_mouth) {transformation: [-0.8704f,-0.6449f,-0.0067f,0.8431f,-0.6428f,0.8665f,0.0981f,-0.2989f,-0.053f,0.0828f,-1.0789f,0.766f,0f,0f,0f,1f],start_interpolation: 0,interpolation_duration: 1}
$data merge entity $(bone_bottom_mouth) {transformation: [-0.8035f,-0.5949f,-0.0235f,0.6562f,-0.5933f,0.7969f,0.1137f,-0.0452f,-0.0489f,0.1053f,-0.9932f,0.7575f,0f,0f,0f,1f],start_interpolation: 0,interpolation_duration: 1}
$data merge entity $(bone_main_head) {transformation: [-0.8035f,-0.5949f,-0.0235f,0.6648f,-0.5933f,0.7969f,0.1137f,-0.0002f,-0.0489f,0.1053f,-0.9932f,0.0703f,0f,0f,0f,1f],start_interpolation: 0,interpolation_duration: 1}