# This file was generated by Animated Java via MC-Build. It is not recommended to edit this file directly.
$data merge entity $(bone_body) {transformation: [-0.9988f,-0.0489f,-0.004f,0f,-0.0487f,0.9976f,-0.0489f,0.3438f,0.0064f,-0.0487f,-0.9988f,0.1563f,0f,0f,0f,1f],start_interpolation: 0,interpolation_duration: 1}
$data merge entity $(bone_left) {transformation: [-1f,0f,0f,0f,0f,0.9713f,0.2377f,-0.0625f,0f,0.2377f,-0.9713f,-0.125f,0f,0f,0f,1f],start_interpolation: 0,interpolation_duration: 1}
$data merge entity $(bone_right) {transformation: [-1f,0f,0f,0f,0f,0.9713f,0.2377f,-0.0625f,0f,0.2377f,-0.9713f,-0.125f,0f,0f,0f,1f],start_interpolation: 0,interpolation_duration: 1}
$data merge entity $(bone_right2) {transformation: [-0.9713f,0.2377f,0f,-0.125f,0.2372f,0.9693f,0.0654f,-0.043f,0.0155f,0.0635f,-0.9979f,0.1833f,0f,0f,0f,1f],start_interpolation: 0,interpolation_duration: 1}
$data merge entity $(bone_left2) {transformation: [-0.96f,-0.2798f,0f,0.1563f,-0.2792f,0.958f,0.0654f,-0.043f,-0.0183f,0.0628f,-0.9979f,0.1833f,0f,0f,0f,1f],start_interpolation: 0,interpolation_duration: 1}
$data merge entity $(bone_top_mouth2) {transformation: [-0.8878f,-0.4603f,0.0062f,0.6349f,-0.4588f,0.8859f,0.0678f,-0.4184f,-0.0367f,0.0573f,-0.9977f,0.7955f,0f,0f,0f,1f],start_interpolation: 0,interpolation_duration: 1}
$data merge entity $(bone_top_mouth) {transformation: [-0.9617f,-0.4986f,0.0067f,0.6349f,-0.4971f,0.9597f,0.0735f,-0.4184f,-0.0398f,0.0621f,-1.0808f,0.7955f,0f,0f,0f,1f],start_interpolation: 0,interpolation_duration: 1}
$data merge entity $(bone_bottom_mouth) {transformation: [-0.8878f,-0.4603f,-0.0038f,0.5054f,-0.4588f,0.8842f,0.0871f,-0.1669f,-0.0367f,0.0791f,-0.9962f,0.7866f,0f,0f,0f,1f],start_interpolation: 0,interpolation_duration: 1}
$data merge entity $(bone_main_head) {transformation: [-0.8878f,-0.4603f,-0.0038f,0.5171f,-0.4588f,0.8842f,0.0871f,-0.1347f,-0.0367f,0.0791f,-0.9962f,0.0992f,0f,0f,0f,1f],start_interpolation: 0,interpolation_duration: 1}