# This file was generated by Animated Java via MC-Build. It is not recommended to edit this file directly.
$data merge entity $(bone_body) {transformation: [-0.9995f,-0.0326f,-0.0032f,0f,-0.0324f,0.9989f,-0.0326f,0.3333f,0.0043f,-0.0324f,-0.9995f,0.1042f,0f,0f,0f,1f],start_interpolation: 0,interpolation_duration: 1}
$data merge entity $(bone_left) {transformation: [-1f,0f,0f,0f,0f,0.9872f,0.1593f,-0.0417f,0f,0.1593f,-0.9872f,-0.125f,0f,0f,0f,1f],start_interpolation: 0,interpolation_duration: 1}
$data merge entity $(bone_right) {transformation: [-1f,0f,0f,0f,0f,0.9872f,0.1593f,-0.0417f,0f,0.1593f,-0.9872f,-0.125f,0f,0f,0f,1f],start_interpolation: 0,interpolation_duration: 1}
$data merge entity $(bone_right2) {transformation: [-0.9872f,0.1593f,0f,-0.0833f,0.1592f,0.9863f,0.0436f,-0.0278f,0.0069f,0.0431f,-0.999f,0.1648f,0f,0f,0f,1f],start_interpolation: 0,interpolation_duration: 1}
$data merge entity $(bone_left2) {transformation: [-0.9822f,-0.188f,0f,0.1042f,-0.1878f,0.9812f,0.0436f,-0.0278f,-0.0082f,0.0428f,-0.999f,0.1648f,0f,0f,0f,1f],start_interpolation: 0,interpolation_duration: 1}
$data merge entity $(bone_top_mouth2) {transformation: [-0.9496f,-0.3134f,0.0113f,0.421f,-0.3126f,0.9489f,0.044f,-0.5015f,-0.0245f,0.0383f,-0.999f,0.8235f,0f,0f,0f,1f],start_interpolation: 0,interpolation_duration: 1}
$data merge entity $(bone_top_mouth) {transformation: [-1.0287f,-0.3395f,0.0122f,0.421f,-0.3387f,1.0279f,0.0477f,-0.5015f,-0.0265f,0.0414f,-1.0822f,0.8235f,0f,0f,0f,1f],start_interpolation: 0,interpolation_duration: 1}
$data merge entity $(bone_bottom_mouth) {transformation: [-0.9496f,-0.3135f,0.0067f,0.3428f,-0.3126f,0.9481f,0.0578f,-0.2633f,-0.0245f,0.0528f,-0.9983f,0.8159f,0f,0f,0f,1f],start_interpolation: 0,interpolation_duration: 1}
$data merge entity $(bone_main_head) {transformation: [-0.9496f,-0.3135f,0.0067f,0.3539f,-0.3126f,0.9481f,0.0578f,-0.2433f,-0.0245f,0.0528f,-0.9983f,0.1284f,0f,0f,0f,1f],start_interpolation: 0,interpolation_duration: 1}