# This file was generated by Animated Java via MC-Build. It is not recommended to edit this file directly.
$data merge entity $(bone_body) {transformation: [-0.9999f,-0.0163f,-0.0019f,0f,-0.0162f,0.9997f,-0.0163f,0.3229f,0.0021f,-0.0162f,-0.9999f,0.0521f,0f,0f,0f,1f],start_interpolation: 0,interpolation_duration: 1}
$data merge entity $(bone_left) {transformation: [-1f,0f,0f,0f,0f,0.9968f,0.0799f,-0.0208f,0f,0.0799f,-0.9968f,-0.125f,0f,0f,0f,1f],start_interpolation: 0,interpolation_duration: 1}
$data merge entity $(bone_right) {transformation: [-1f,0f,0f,0f,0f,0.9968f,0.0799f,-0.0208f,0f,0.0799f,-0.9968f,-0.125f,0f,0f,0f,1f],start_interpolation: 0,interpolation_duration: 1}
$data merge entity $(bone_right2) {transformation: [-0.9968f,0.0799f,0f,-0.0417f,0.0799f,0.9966f,0.0218f,-0.0135f,0.0017f,0.0217f,-0.9998f,0.1454f,0f,0f,0f,1f],start_interpolation: 0,interpolation_duration: 1}
$data merge entity $(bone_left2) {transformation: [-0.9955f,-0.0944f,0f,0.0521f,-0.0944f,0.9953f,0.0218f,-0.0135f,-0.0021f,0.0217f,-0.9998f,0.1454f,0f,0f,0f,1f],start_interpolation: 0,interpolation_duration: 1}
$data merge entity $(bone_top_mouth2) {transformation: [-0.9873f,-0.1585f,0.0091f,0.2074f,-0.1583f,0.9872f,0.0208f,-0.549f,-0.0122f,0.0191f,-0.9997f,0.85f,0f,0f,0f,1f],start_interpolation: 0,interpolation_duration: 1}
$data merge entity $(bone_top_mouth) {transformation: [-1.0696f,-0.1718f,0.0098f,0.2074f,-0.1715f,1.0694f,0.0226f,-0.549f,-0.0133f,0.0207f,-1.0831f,0.85f,0f,0f,0f,1f],start_interpolation: 0,interpolation_duration: 1}
$data merge entity $(bone_bottom_mouth) {transformation: [-0.9873f,-0.1586f,0.0079f,0.1728f,-0.1583f,0.987f,0.028f,-0.3328f,-0.0122f,0.0264f,-0.9996f,0.8454f,0f,0f,0f,1f],start_interpolation: 0,interpolation_duration: 1}
$data merge entity $(bone_main_head) {transformation: [-0.9873f,-0.1586f,0.0079f,0.1799f,-0.1583f,0.987f,0.028f,-0.3239f,-0.0122f,0.0264f,-0.9996f,0.1579f,0f,0f,0f,1f],start_interpolation: 0,interpolation_duration: 1}