# This file was generated by Animated Java via MC-Build. It is not recommended to edit this file directly.
$data merge entity $(bone_body) {transformation: [-1f,0f,0f,0f,0f,0.9998f,0.0175f,0f,0f,0.0175f,-0.9998f,-0.0031f,0f,0f,0f,1f],start_interpolation: 0,interpolation_duration: 1}
$data merge entity $(bone_left) {transformation: [-0.9999f,-0.0153f,0f,0.0031f,-0.0153f,0.9993f,0.0349f,-0.0156f,-0.0005f,0.0349f,-0.9994f,-0.0251f,0f,0f,0f,1f],start_interpolation: 0,interpolation_duration: 1}
$data merge entity $(bone_right) {transformation: [-0.9999f,0.0153f,0f,-0.0062f,0.0153f,0.9993f,0.0349f,-0.0156f,0.0005f,0.0349f,-0.9994f,-0.0251f,0f,0f,0f,1f],start_interpolation: 0,interpolation_duration: 1}
$data merge entity $(bone_right2) {transformation: [-0.9969f,0.0784f,-0.0021f,-0.0375f,0.0784f,0.9945f,-0.0697f,-0.0429f,-0.0034f,-0.0696f,-0.9976f,0.0448f,0f,0f,0f,1f],start_interpolation: 0,interpolation_duration: 1}
$data merge entity $(bone_left2) {transformation: [-0.9969f,-0.0784f,0.0021f,0.0438f,-0.0784f,0.9945f,-0.0697f,-0.0429f,0.0034f,-0.0696f,-0.9976f,0.0448f,0f,0f,0f,1f],start_interpolation: 0,interpolation_duration: 1}
$data merge entity $(bone_top_mouth2) {transformation: [-1f,0f,0f,0f,0f,0.9998f,0.0182f,-0.9335f,0f,0.0182f,-0.9998f,-0.7657f,0f,0f,0f,1f],start_interpolation: 0,interpolation_duration: 1}
$data merge entity $(bone_top_mouth) {transformation: [-1.0833f,0f,0f,0f,0f,1.0833f,0.0133f,-0.9335f,0f,0.0133f,-1.0833f,-0.7657f,0f,0f,0f,1f],start_interpolation: 0,interpolation_duration: 1}
$data merge entity $(bone_bottom_mouth) {transformation: [-1f,0f,0f,0f,0f,1f,0.0044f,-0.746f,0f,0.0044f,-1f,-0.7549f,0f,0f,0f,1f],start_interpolation: 0,interpolation_duration: 1}
$data merge entity $(bone_main_head) {transformation: [-1f,0f,0f,0f,0f,0.9999f,0.0123f,-0.7432f,0f,0.0123f,-0.9999f,-0.762f,0f,0f,0f,1f],start_interpolation: 0,interpolation_duration: 1}