# This file was generated by Animated Java via MC-Build. It is not recommended to edit this file directly.
$data merge entity $(bone_body) {transformation: [-1f,0f,0f,0f,0f,0.9848f,0.1736f,0f,0f,0.1736f,-0.9848f,-0.0312f,0f,0f,0f,1f],start_interpolation: 0,interpolation_duration: 1}
$data merge entity $(bone_left) {transformation: [-0.9884f,-0.1521f,0f,0.0313f,-0.1429f,0.9288f,0.342f,-0.1544f,-0.052f,0.338f,-0.9397f,-0.2607f,0f,0f,0f,1f],start_interpolation: 0,interpolation_duration: 1}
$data merge entity $(bone_right) {transformation: [-0.9884f,0.1521f,0f,-0.0625f,0.1429f,0.9288f,0.342f,-0.1544f,0.052f,0.338f,-0.9397f,-0.2607f,0f,0f,0f,1f],start_interpolation: 0,interpolation_duration: 1}
$data merge entity $(bone_right2) {transformation: [-0.7071f,0.683f,-0.183f,-0.375f,0.6409f,0.5096f,-0.5741f,-0.3348f,-0.2988f,-0.5232f,-0.7981f,0.5256f,0f,0f,0f,1f],start_interpolation: 0,interpolation_duration: 1}
$data merge entity $(bone_left2) {transformation: [-0.7071f,-0.683f,0.183f,0.4375f,-0.6409f,0.5096f,-0.5741f,-0.3348f,0.2988f,-0.5232f,-0.7981f,0.5256f,0f,0f,0f,1f],start_interpolation: 0,interpolation_duration: 1}
$data merge entity $(bone_top_mouth2) {transformation: [-1f,0f,0f,0f,0f,0.9834f,0.1815f,-0.8925f,0f,0.1815f,-0.9834f,-0.9064f,0f,0f,0f,1f],start_interpolation: 0,interpolation_duration: 1}
$data merge entity $(bone_top_mouth) {transformation: [-1.0833f,0f,0f,0f,0f,1.0752f,0.1329f,-0.8925f,0f,0.1329f,-1.0752f,-0.9064f,0f,0f,0f,1f],start_interpolation: 0,interpolation_duration: 1}
$data merge entity $(bone_bottom_mouth) {transformation: [-1f,0f,0f,0f,0f,0.999f,0.0436f,-0.7095f,0f,0.0436f,-0.999f,-0.7989f,0f,0f,0f,1f],start_interpolation: 0,interpolation_duration: 1}
$data merge entity $(bone_main_head) {transformation: [-1f,0f,0f,0f,0f,0.9924f,0.1227f,-0.678f,0f,0.1227f,-0.9924f,-0.8686f,0f,0f,0f,1f],start_interpolation: 0,interpolation_duration: 1}