# This file was generated by Animated Java via MC-Build. It is not recommended to edit this file directly.
$data merge entity $(bone_body) {transformation: [-1f,0f,0f,0f,0f,0.9863f,0.165f,0f,0f,0.165f,-0.9863f,-0.0344f,0f,0f,0f,1f],start_interpolation: 0,interpolation_duration: 1}
$data merge entity $(bone_left) {transformation: [-0.9859f,-0.1672f,0f,0.0344f,-0.1542f,0.9092f,0.3867f,-0.163f,-0.0647f,0.3813f,-0.9222f,-0.2945f,0f,0f,0f,1f],start_interpolation: 0,interpolation_duration: 1}
$data merge entity $(bone_right) {transformation: [-0.9859f,0.1672f,0f,-0.0625f,0.1542f,0.9092f,0.3867f,-0.163f,0.0647f,0.3813f,-0.9222f,-0.2945f,0f,0f,0f,1f],start_interpolation: 0,interpolation_duration: 1}
$data merge entity $(bone_right2) {transformation: [-0.7986f,0.5852f,-0.1405f,-0.3062f,0.5238f,0.5609f,-0.6411f,-0.2981f,-0.2963f,-0.5856f,-0.7545f,0.5772f,0f,0f,0f,1f],start_interpolation: 0,interpolation_duration: 1}
$data merge entity $(bone_left2) {transformation: [-0.7986f,-0.5852f,0.1405f,0.3625f,-0.5238f,0.5609f,-0.6411f,-0.2981f,0.2963f,-0.5856f,-0.7545f,0.5772f,0f,0f,0f,1f],start_interpolation: 0,interpolation_duration: 1}
$data merge entity $(bone_top_mouth2) {transformation: [-1f,0f,0f,0f,0f,0.9799f,0.1994f,-0.8874f,0f,0.1994f,-0.9799f,-0.922f,0f,0f,0f,1f],start_interpolation: 0,interpolation_duration: 1}
$data merge entity $(bone_top_mouth) {transformation: [-1.0833f,0f,0f,0f,0f,1.0734f,0.1461f,-0.8874f,0f,0.1461f,-1.0734f,-0.922f,0f,0f,0f,1f],start_interpolation: 0,interpolation_duration: 1}
$data merge entity $(bone_bottom_mouth) {transformation: [-1f,0f,0f,0f,0f,0.9988f,0.048f,-0.7053f,0f,0.048f,-0.9988f,-0.8038f,0f,0f,0f,1f],start_interpolation: 0,interpolation_duration: 1}
$data merge entity $(bone_main_head) {transformation: [-1f,0f,0f,0f,0f,0.9909f,0.1349f,-0.6704f,0f,0.1349f,-0.9909f,-0.8803f,0f,0f,0f,1f],start_interpolation: 0,interpolation_duration: 1}