# This file was generated by Animated Java via MC-Build. It is not recommended to edit this file directly.
$data merge entity $(bone_body) {transformation: [-1f,0f,0f,0f,0f,0.9877f,0.1564f,0f,0f,0.1564f,-0.9877f,-0.0375f,0f,0f,0f,1f],start_interpolation: 0,interpolation_duration: 1}
$data merge entity $(bone_left) {transformation: [-0.9833f,-0.1822f,0f,0.0375f,-0.1645f,0.8875f,0.4305f,-0.1713f,-0.0785f,0.4233f,-0.9026f,-0.3286f,0f,0f,0f,1f],start_interpolation: 0,interpolation_duration: 1}
$data merge entity $(bone_right) {transformation: [-0.9833f,0.1822f,0f,-0.0625f,0.1645f,0.8875f,0.4305f,-0.1713f,0.0785f,0.4233f,-0.9026f,-0.3286f,0f,0f,0f,1f],start_interpolation: 0,interpolation_duration: 1}
$data merge entity $(bone_right2) {transformation: [-0.8746f,0.4742f,-0.1008f,-0.2375f,0.4019f,0.593f,-0.6977f,-0.2631f,-0.2711f,-0.6508f,-0.7092f,0.6228f,0f,0f,0f,1f],start_interpolation: 0,interpolation_duration: 1}
$data merge entity $(bone_left2) {transformation: [-0.8746f,-0.4742f,0.1008f,0.2875f,-0.4019f,0.593f,-0.6977f,-0.2631f,0.2711f,-0.6508f,-0.7092f,0.6228f,0f,0f,0f,1f],start_interpolation: 0,interpolation_duration: 1}
$data merge entity $(bone_top_mouth2) {transformation: [-1f,0f,0f,0f,0f,0.9761f,0.2172f,-0.8821f,0f,0.2172f,-0.9761f,-0.9376f,0f,0f,0f,1f],start_interpolation: 0,interpolation_duration: 1}
$data merge entity $(bone_top_mouth) {transformation: [-1.0833f,0f,0f,0f,0f,1.0716f,0.1593f,-0.8821f,0f,0.1593f,-1.0716f,-0.9376f,0f,0f,0f,1f],start_interpolation: 0,interpolation_duration: 1}
$data merge entity $(bone_bottom_mouth) {transformation: [-1f,0f,0f,0f,0f,0.9986f,0.0523f,-0.7011f,0f,0.0523f,-0.9986f,-0.8086f,0f,0f,0f,1f],start_interpolation: 0,interpolation_duration: 1}
$data merge entity $(bone_main_head) {transformation: [-1f,0f,0f,0f,0f,0.9891f,0.147f,-0.6626f,0f,0.147f,-0.9891f,-0.8919f,0f,0f,0f,1f],start_interpolation: 0,interpolation_duration: 1}