# This file was generated by Animated Java via MC-Build. It is not recommended to edit this file directly.
$data merge entity $(bone_body) {transformation: [-1f,0f,0f,0f,0f,0.989f,0.1478f,0f,0f,0.1478f,-0.989f,-0.0406f,0f,0f,0f,1f],start_interpolation: 0,interpolation_duration: 1}
$data merge entity $(bone_left) {transformation: [-0.9804f,-0.1972f,0f,0.0406f,-0.1737f,0.8636f,0.4733f,-0.1795f,-0.0934f,0.464f,-0.8809f,-0.363f,0f,0f,0f,1f],start_interpolation: 0,interpolation_duration: 1}
$data merge entity $(bone_right) {transformation: [-0.9804f,0.1972f,0f,-0.0625f,0.1737f,0.8636f,0.4733f,-0.1795f,0.0934f,0.464f,-0.8809f,-0.363f,0f,0f,0f,1f],start_interpolation: 0,interpolation_duration: 1}
$data merge entity $(bone_right2) {transformation: [-0.9336f,0.3524f,-0.0653f,-0.1688f,0.2805f,0.6049f,-0.7452f,-0.2306f,-0.2231f,-0.7141f,-0.6636f,0.6628f,0f,0f,0f,1f],start_interpolation: 0,interpolation_duration: 1}
$data merge entity $(bone_left2) {transformation: [-0.9336f,-0.3524f,0.0653f,0.2125f,-0.2805f,0.6049f,-0.7452f,-0.2306f,0.2231f,-0.7141f,-0.6636f,0.6628f,0f,0f,0f,1f],start_interpolation: 0,interpolation_duration: 1}
$data merge entity $(bone_top_mouth2) {transformation: [-1f,0f,0f,0f,0f,0.972f,0.235f,-0.8768f,0f,0.235f,-0.972f,-0.9532f,0f,0f,0f,1f],start_interpolation: 0,interpolation_duration: 1}
$data merge entity $(bone_top_mouth) {transformation: [-1.0833f,0f,0f,0f,0f,1.0695f,0.1724f,-0.8768f,0f,0.1724f,-1.0695f,-0.9532f,0f,0f,0f,1f],start_interpolation: 0,interpolation_duration: 1}
$data merge entity $(bone_bottom_mouth) {transformation: [-1f,0f,0f,0f,0f,0.9984f,0.0567f,-0.6969f,0f,0.0567f,-0.9984f,-0.8135f,0f,0f,0f,1f],start_interpolation: 0,interpolation_duration: 1}
$data merge entity $(bone_main_head) {transformation: [-1f,0f,0f,0f,0f,0.9873f,0.1592f,-0.6548f,0f,0.1592f,-0.9873f,-0.9036f,0f,0f,0f,1f],start_interpolation: 0,interpolation_duration: 1}