# This file was generated by Animated Java via MC-Build. It is not recommended to edit this file directly.
$data merge entity $(bone_body) {transformation: [-1f,0f,0f,0f,0f,0.9903f,0.1392f,0f,0f,0.1392f,-0.9903f,-0.0437f,0f,0f,0f,1f],start_interpolation: 0,interpolation_duration: 1}
$data merge entity $(bone_left) {transformation: [-0.9772f,-0.2122f,0f,0.0438f,-0.1819f,0.8377f,0.515f,-0.1875f,-0.1093f,0.5033f,-0.8572f,-0.3975f,0f,0f,0f,1f],start_interpolation: 0,interpolation_duration: 1}
$data merge entity $(bone_right) {transformation: [-0.9772f,0.2122f,0f,-0.0625f,0.1819f,0.8377f,0.515f,-0.1875f,0.1093f,0.5033f,-0.8572f,-0.3975f,0f,0f,0f,1f],start_interpolation: 0,interpolation_duration: 1}
$data merge entity $(bone_right2) {transformation: [-0.9744f,0.2222f,-0.0352f,-0.1f,0.1645f,0.5971f,-0.7851f,-0.201f,-0.1534f,-0.7707f,-0.6184f,0.6974f,0f,0f,0f,1f],start_interpolation: 0,interpolation_duration: 1}
$data merge entity $(bone_left2) {transformation: [-0.9744f,-0.2222f,0.0352f,0.1375f,-0.1645f,0.5971f,-0.7851f,-0.201f,0.1534f,-0.7707f,-0.6184f,0.6974f,0f,0f,0f,1f],start_interpolation: 0,interpolation_duration: 1}
$data merge entity $(bone_top_mouth2) {transformation: [-1f,0f,0f,0f,0f,0.9675f,0.2527f,-0.8714f,0f,0.2527f,-0.9675f,-0.9687f,0f,0f,0f,1f],start_interpolation: 0,interpolation_duration: 1}
$data merge entity $(bone_top_mouth) {transformation: [-1.0833f,0f,0f,0f,0f,1.0673f,0.1856f,-0.8714f,0f,0.1856f,-1.0673f,-0.9687f,0f,0f,0f,1f],start_interpolation: 0,interpolation_duration: 1}
$data merge entity $(bone_bottom_mouth) {transformation: [-1f,0f,0f,0f,0f,0.9981f,0.061f,-0.6927f,0f,0.061f,-0.9981f,-0.8183f,0f,0f,0f,1f],start_interpolation: 0,interpolation_duration: 1}
$data merge entity $(bone_main_head) {transformation: [-1f,0f,0f,0f,0f,0.9852f,0.1713f,-0.6469f,0f,0.1713f,-0.9852f,-0.9151f,0f,0f,0f,1f],start_interpolation: 0,interpolation_duration: 1}