# This file was generated by Animated Java via MC-Build. It is not recommended to edit this file directly.
$data merge entity $(bone_body) {transformation: [-1f,0f,0f,0f,0f,0.9914f,0.1305f,0f,0f,0.1305f,-0.9914f,-0.0469f,0f,0f,0f,1f],start_interpolation: 0,interpolation_duration: 1}
$data merge entity $(bone_left) {transformation: [-0.9739f,-0.2271f,0f,0.0469f,-0.1888f,0.8097f,0.5556f,-0.1952f,-0.1262f,0.5411f,-0.8315f,-0.4323f,0f,0f,0f,1f],start_interpolation: 0,interpolation_duration: 1}
$data merge entity $(bone_right) {transformation: [-0.9739f,0.2271f,0f,-0.0625f,0.1888f,0.8097f,0.5556f,-0.1952f,0.1262f,0.5411f,-0.8315f,-0.4323f,0f,0f,0f,1f],start_interpolation: 0,interpolation_duration: 1}
$data merge entity $(bone_right2) {transformation: [-0.9962f,0.0864f,-0.0114f,-0.0313f,0.0589f,0.571f,-0.8188f,-0.1751f,-0.0643f,-0.8164f,-0.5739f,0.727f,0f,0f,0f,1f],start_interpolation: 0,interpolation_duration: 1}
$data merge entity $(bone_left2) {transformation: [-0.9962f,-0.0864f,0.0114f,0.0625f,-0.0589f,0.571f,-0.8188f,-0.1751f,0.0643f,-0.8164f,-0.5739f,0.727f,0f,0f,0f,1f],start_interpolation: 0,interpolation_duration: 1}
$data merge entity $(bone_top_mouth2) {transformation: [-1f,0f,0f,0f,0f,0.9628f,0.2703f,-0.8658f,0f,0.2703f,-0.9628f,-0.9843f,0f,0f,0f,1f],start_interpolation: 0,interpolation_duration: 1}
$data merge entity $(bone_top_mouth) {transformation: [-1.0833f,0f,0f,0f,0f,1.065f,0.1987f,-0.8658f,0f,0.1987f,-1.065f,-0.9843f,0f,0f,0f,1f],start_interpolation: 0,interpolation_duration: 1}
$data merge entity $(bone_bottom_mouth) {transformation: [-1f,0f,0f,0f,0f,0.9979f,0.0654f,-0.6885f,0f,0.0654f,-0.9979f,-0.8232f,0f,0f,0f,1f],start_interpolation: 0,interpolation_duration: 1}
$data merge entity $(bone_main_head) {transformation: [-1f,0f,0f,0f,0f,0.983f,0.1834f,-0.639f,0f,0.1834f,-0.983f,-0.9267f,0f,0f,0f,1f],start_interpolation: 0,interpolation_duration: 1}