# This file was generated by Animated Java via MC-Build. It is not recommended to edit this file directly.
$data merge entity $(bone_body) {transformation: [-1f,0f,0f,0f,0f,0.9925f,0.1219f,0f,0f,0.1219f,-0.9925f,-0.05f,0f,0f,0f,1f],start_interpolation: 0,interpolation_duration: 1}
$data merge entity $(bone_left) {transformation: [-0.9703f,-0.2419f,0f,0.05f,-0.1945f,0.78f,0.5948f,-0.2027f,-0.1439f,0.5772f,-0.8039f,-0.4672f,0f,0f,0f,1f],start_interpolation: 0,interpolation_duration: 1}
$data merge entity $(bone_right) {transformation: [-0.9703f,0.2419f,0f,-0.0625f,0.1945f,0.78f,0.5948f,-0.2027f,0.1439f,0.5772f,-0.8039f,-0.4672f,0f,0f,0f,1f],start_interpolation: 0,interpolation_duration: 1}
$data merge entity $(bone_right2) {transformation: [-0.9986f,-0.052f,0.0055f,0.0375f,-0.0322f,0.5291f,-0.848f,-0.1532f,0.0412f,-0.847f,-0.53f,0.7522f,0f,0f,0f,1f],start_interpolation: 0,interpolation_duration: 1}
$data merge entity $(bone_left2) {transformation: [-0.9986f,0.052f,-0.0055f,-0.0125f,0.0322f,0.5291f,-0.848f,-0.1532f,-0.0412f,-0.847f,-0.53f,0.7522f,0f,0f,0f,1f],start_interpolation: 0,interpolation_duration: 1}
$data merge entity $(bone_top_mouth2) {transformation: [-1f,0f,0f,0f,0f,0.9577f,0.2878f,-0.8601f,0f,0.2878f,-0.9577f,-0.9998f,0f,0f,0f,1f],start_interpolation: 0,interpolation_duration: 1}
$data merge entity $(bone_top_mouth) {transformation: [-1.0833f,0f,0f,0f,0f,1.0624f,0.2118f,-0.8601f,0f,0.2118f,-1.0624f,-0.9998f,0f,0f,0f,1f],start_interpolation: 0,interpolation_duration: 1}
$data merge entity $(bone_bottom_mouth) {transformation: [-1f,0f,0f,0f,0f,0.9976f,0.0698f,-0.6842f,0f,0.0698f,-0.9976f,-0.828f,0f,0f,0f,1f],start_interpolation: 0,interpolation_duration: 1}
$data merge entity $(bone_main_head) {transformation: [-1f,0f,0f,0f,0f,0.9807f,0.1955f,-0.6309f,0f,0.1955f,-0.9807f,-0.9382f,0f,0f,0f,1f],start_interpolation: 0,interpolation_duration: 1}