# This file was generated by Animated Java via MC-Build. It is not recommended to edit this file directly.
$data merge entity $(bone_body) {transformation: [-1f,0f,0f,0f,0f,0.9936f,0.1132f,0f,0f,0.1132f,-0.9936f,-0.0531f,0f,0f,0f,1f],start_interpolation: 0,interpolation_duration: 1}
$data merge entity $(bone_left) {transformation: [-0.9665f,-0.2567f,0f,0.0531f,-0.1988f,0.7484f,0.6327f,-0.2099f,-0.1624f,0.6115f,-0.7744f,-0.5024f,0f,0f,0f,1f],start_interpolation: 0,interpolation_duration: 1}
$data merge entity $(bone_right) {transformation: [-0.9665f,0.2567f,0f,-0.0625f,0.1988f,0.7484f,0.6327f,-0.2099f,0.1624f,0.6115f,-0.7744f,-0.5024f,0f,0f,0f,1f],start_interpolation: 0,interpolation_duration: 1}
$data merge entity $(bone_right2) {transformation: [-0.9816f,-0.1902f,0.015f,0.1062f,-0.1053f,0.4747f,-0.8738f,-0.1359f,0.1591f,-0.8593f,-0.486f,0.7733f,0f,0f,0f,1f],start_interpolation: 0,interpolation_duration: 1}
$data merge entity $(bone_left2) {transformation: [-0.9816f,0.1902f,-0.015f,-0.0875f,0.1053f,0.4747f,-0.8738f,-0.1359f,-0.1591f,-0.8593f,-0.486f,0.7733f,0f,0f,0f,1f],start_interpolation: 0,interpolation_duration: 1}
$data merge entity $(bone_top_mouth2) {transformation: [-1f,0f,0f,0f,0f,0.9523f,0.3052f,-0.8543f,0f,0.3052f,-0.9523f,-1.0153f,0f,0f,0f,1f],start_interpolation: 0,interpolation_duration: 1}
$data merge entity $(bone_top_mouth) {transformation: [-1.0833f,0f,0f,0f,0f,1.0597f,0.2248f,-0.8543f,0f,0.2248f,-1.0597f,-1.0153f,0f,0f,0f,1f],start_interpolation: 0,interpolation_duration: 1}
$data merge entity $(bone_bottom_mouth) {transformation: [-1f,0f,0f,0f,0f,0.9973f,0.0741f,-0.6799f,0f,0.0741f,-0.9973f,-0.8329f,0f,0f,0f,1f],start_interpolation: 0,interpolation_duration: 1}
$data merge entity $(bone_main_head) {transformation: [-1f,0f,0f,0f,0f,0.9782f,0.2075f,-0.6228f,0f,0.2075f,-0.9782f,-0.9497f,0f,0f,0f,1f],start_interpolation: 0,interpolation_duration: 1}