# This file was generated by Animated Java via MC-Build. It is not recommended to edit this file directly.
$data merge entity $(bone_body) {transformation: [-1f,0f,0f,0f,0f,0.9945f,0.1045f,0f,0f,0.1045f,-0.9945f,-0.0562f,0f,0f,0f,1f],start_interpolation: 0,interpolation_duration: 1}
$data merge entity $(bone_left) {transformation: [-0.9625f,-0.2714f,0f,0.0563f,-0.2017f,0.7152f,0.6691f,-0.2168f,-0.1816f,0.644f,-0.7431f,-0.5376f,0f,0f,0f,1f],start_interpolation: 0,interpolation_duration: 1}
$data merge entity $(bone_right) {transformation: [-0.9625f,0.2714f,0f,-0.0625f,0.2017f,0.7152f,0.6691f,-0.2168f,0.1816f,0.644f,-0.7431f,-0.5376f,0f,0f,0f,1f],start_interpolation: 0,interpolation_duration: 1}
$data merge entity $(bone_right2) {transformation: [-0.9455f,-0.3251f,0.017f,0.175f,-0.1578f,0.412f,-0.8974f,-0.1235f,0.2847f,-0.8512f,-0.4409f,0.7909f,0f,0f,0f,1f],start_interpolation: 0,interpolation_duration: 1}
$data merge entity $(bone_left2) {transformation: [-0.9455f,0.3251f,-0.017f,-0.1625f,0.1578f,0.412f,-0.8974f,-0.1235f,-0.2847f,-0.8512f,-0.4409f,0.7909f,0f,0f,0f,1f],start_interpolation: 0,interpolation_duration: 1}
$data merge entity $(bone_top_mouth2) {transformation: [-1f,0f,0f,0f,0f,0.9465f,0.3226f,-0.8485f,0f,0.3226f,-0.9465f,-1.0308f,0f,0f,0f,1f],start_interpolation: 0,interpolation_duration: 1}
$data merge entity $(bone_top_mouth) {transformation: [-1.0833f,0f,0f,0f,0f,1.0569f,0.2378f,-0.8485f,0f,0.2378f,-1.0569f,-1.0308f,0f,0f,0f,1f],start_interpolation: 0,interpolation_duration: 1}
$data merge entity $(bone_bottom_mouth) {transformation: [-1f,0f,0f,0f,0f,0.9969f,0.0785f,-0.6756f,0f,0.0785f,-0.9969f,-0.8377f,0f,0f,0f,1f],start_interpolation: 0,interpolation_duration: 1}
$data merge entity $(bone_main_head) {transformation: [-1f,0f,0f,0f,0f,0.9756f,0.2195f,-0.6146f,0f,0.2195f,-0.9756f,-0.9611f,0f,0f,0f,1f],start_interpolation: 0,interpolation_duration: 1}