# This file was generated by Animated Java via MC-Build. It is not recommended to edit this file directly.
$data merge entity $(bone_body) {transformation: [-1f,0f,0f,0f,0f,0.9954f,0.0958f,0f,0f,0.0958f,-0.9954f,-0.0594f,0f,0f,0f,1f],start_interpolation: 0,interpolation_duration: 1}
$data merge entity $(bone_left) {transformation: [-0.9582f,-0.2861f,0f,0.0594f,-0.2032f,0.6805f,0.704f,-0.2234f,-0.2014f,0.6746f,-0.7102f,-0.5731f,0f,0f,0f,1f],start_interpolation: 0,interpolation_duration: 1}
$data merge entity $(bone_right) {transformation: [-0.9582f,0.2861f,0f,-0.0625f,0.2032f,0.6805f,0.704f,-0.2234f,0.2014f,0.6746f,-0.7102f,-0.5731f,0f,0f,0f,1f],start_interpolation: 0,interpolation_duration: 1}
$data merge entity $(bone_right2) {transformation: [-0.891f,-0.4538f,0.0119f,0.2437f,-0.1883f,0.3455f,-0.9193f,-0.1164f,0.4131f,-0.8214f,-0.3933f,0.8056f,0f,0f,0f,1f],start_interpolation: 0,interpolation_duration: 1}
$data merge entity $(bone_left2) {transformation: [-0.891f,0.4538f,-0.0119f,-0.2375f,0.1883f,0.3455f,-0.9193f,-0.1164f,-0.4131f,-0.8214f,-0.3933f,0.8056f,0f,0f,0f,1f],start_interpolation: 0,interpolation_duration: 1}
$data merge entity $(bone_top_mouth2) {transformation: [-1f,0f,0f,0f,0f,0.9405f,0.3398f,-0.8424f,0f,0.3398f,-0.9405f,-1.0463f,0f,0f,0f,1f],start_interpolation: 0,interpolation_duration: 1}
$data merge entity $(bone_top_mouth) {transformation: [-1.0833f,0f,0f,0f,0f,1.0539f,0.2508f,-0.8424f,0f,0.2508f,-1.0539f,-1.0463f,0f,0f,0f,1f],start_interpolation: 0,interpolation_duration: 1}
$data merge entity $(bone_bottom_mouth) {transformation: [-1f,0f,0f,0f,0f,0.9966f,0.0828f,-0.6712f,0f,0.0828f,-0.9966f,-0.8425f,0f,0f,0f,1f],start_interpolation: 0,interpolation_duration: 1}
$data merge entity $(bone_main_head) {transformation: [-1f,0f,0f,0f,0f,0.9728f,0.2315f,-0.6063f,0f,0.2315f,-0.9728f,-0.9725f,0f,0f,0f,1f],start_interpolation: 0,interpolation_duration: 1}