# This file was generated by Animated Java via MC-Build. It is not recommended to edit this file directly.
$data merge entity $(bone_body) {transformation: [-1f,0f,0f,0f,0f,0.9994f,0.0349f,0f,0f,0.0349f,-0.9994f,-0.0062f,0f,0f,0f,1f],start_interpolation: 0,interpolation_duration: 1}
$data merge entity $(bone_left) {transformation: [-0.9995f,-0.0305f,0f,0.0063f,-0.0305f,0.9971f,0.0698f,-0.0312f,-0.0021f,0.0697f,-0.9976f,-0.0504f,0f,0f,0f,1f],start_interpolation: 0,interpolation_duration: 1}
$data merge entity $(bone_right) {transformation: [-0.9995f,0.0305f,0f,-0.0125f,0.0305f,0.9971f,0.0698f,-0.0312f,0.0021f,0.0697f,-0.9976f,-0.0504f,0f,0f,0f,1f],start_interpolation: 0,interpolation_duration: 1}
$data merge entity $(bone_right2) {transformation: [-0.9877f,0.1562f,-0.0082f,-0.075f,0.1558f,0.978f,-0.1385f,-0.084f,-0.0136f,-0.1381f,-0.9903f,0.0917f,0f,0f,0f,1f],start_interpolation: 0,interpolation_duration: 1}
$data merge entity $(bone_left2) {transformation: [-0.9877f,-0.1562f,0.0082f,0.0875f,-0.1558f,0.978f,-0.1385f,-0.084f,0.0136f,-0.1381f,-0.9903f,0.0917f,0f,0f,0f,1f],start_interpolation: 0,interpolation_duration: 1}
$data merge entity $(bone_top_mouth2) {transformation: [-1f,0f,0f,0f,0f,0.9993f,0.0365f,-0.9294f,0f,0.0365f,-0.9993f,-0.7813f,0f,0f,0f,1f],start_interpolation: 0,interpolation_duration: 1}
$data merge entity $(bone_top_mouth) {transformation: [-1.0833f,0f,0f,0f,0f,1.083f,0.0266f,-0.9294f,0f,0.0266f,-1.083f,-0.7813f,0f,0f,0f,1f],start_interpolation: 0,interpolation_duration: 1}
$data merge entity $(bone_bottom_mouth) {transformation: [-1f,0f,0f,0f,0f,1f,0.0087f,-0.7421f,0f,0.0087f,-1f,-0.7598f,0f,0f,0f,1f],start_interpolation: 0,interpolation_duration: 1}
$data merge entity $(bone_main_head) {transformation: [-1f,0f,0f,0f,0f,0.9997f,0.0246f,-0.7363f,0f,0.0246f,-0.9997f,-0.774f,0f,0f,0f,1f],start_interpolation: 0,interpolation_duration: 1}