# This file was generated by Animated Java via MC-Build. It is not recommended to edit this file directly.
$data merge entity $(bone_body) {transformation: [-1f,0f,0f,0f,0f,0.9962f,0.0872f,0f,0f,0.0872f,-0.9962f,-0.0625f,0f,0f,0f,1f],start_interpolation: 0,interpolation_duration: 1}
$data merge entity $(bone_left) {transformation: [-0.9537f,-0.3007f,0f,0.0625f,-0.2032f,0.6443f,0.7373f,-0.2297f,-0.2217f,0.7032f,-0.6756f,-0.6086f,0f,0f,0f,1f],start_interpolation: 0,interpolation_duration: 1}
$data merge entity $(bone_right) {transformation: [-0.9537f,0.3007f,0f,-0.0625f,0.2032f,0.6443f,0.7373f,-0.2297f,0.2217f,0.7032f,-0.6756f,-0.6086f,0f,0f,0f,1f],start_interpolation: 0,interpolation_duration: 1}
$data merge entity $(bone_right2) {transformation: [-0.8192f,-0.5736f,0f,0.3125f,-0.1962f,0.2802f,-0.9397f,-0.1149f,0.539f,-0.7698f,-0.342f,0.8179f,0f,0f,0f,1f],start_interpolation: 0,interpolation_duration: 1}
$data merge entity $(bone_left2) {transformation: [-0.8192f,0.5736f,0f,-0.3125f,0.1962f,0.2802f,-0.9397f,-0.1149f,-0.539f,-0.7698f,-0.342f,0.8179f,0f,0f,0f,1f],start_interpolation: 0,interpolation_duration: 1}
$data merge entity $(bone_top_mouth2) {transformation: [-1f,0f,0f,0f,0f,0.9341f,0.3569f,-0.8363f,0f,0.3569f,-0.9341f,-1.0618f,0f,0f,0f,1f],start_interpolation: 0,interpolation_duration: 1}
$data merge entity $(bone_top_mouth) {transformation: [-1.0833f,0f,0f,0f,0f,1.0507f,0.2637f,-0.8363f,0f,0.2637f,-1.0507f,-1.0618f,0f,0f,0f,1f],start_interpolation: 0,interpolation_duration: 1}
$data merge entity $(bone_bottom_mouth) {transformation: [-1f,0f,0f,0f,0f,0.9962f,0.0872f,-0.6669f,0f,0.0872f,-0.9962f,-0.8473f,0f,0f,0f,1f],start_interpolation: 0,interpolation_duration: 1}
$data merge entity $(bone_main_head) {transformation: [-1f,0f,0f,0f,0f,0.9699f,0.2435f,-0.5979f,0f,0.2435f,-0.9699f,-0.9839f,0f,0f,0f,1f],start_interpolation: 0,interpolation_duration: 1}