# This file was generated by Animated Java via MC-Build. It is not recommended to edit this file directly.
$data merge entity $(bone_body) {transformation: [-0.9998f,0f,0.0218f,0f,0.0019f,0.9962f,0.0872f,0f,-0.0217f,0.0872f,-0.996f,-0.0625f,0f,0f,0f,1f],start_interpolation: 0,interpolation_duration: 1}
$data merge entity $(bone_right2) {transformation: [-0.8434f,-0.5373f,0f,0.2837f,-0.1839f,0.2887f,-0.9396f,-0.1196f,0.5048f,-0.7924f,-0.3423f,0.8308f,0f,0f,0f,1f],start_interpolation: 0,interpolation_duration: 1}
$data merge entity $(bone_left2) {transformation: [-0.7934f,0.6088f,0f,-0.3407f,0.2084f,0.2716f,-0.9396f,-0.1103f,-0.572f,-0.7454f,-0.3423f,0.8052f,0f,0f,0f,1f],start_interpolation: 0,interpolation_duration: 1}
$data merge entity $(bone_top_mouth2) {transformation: [-1f,0f,0f,0f,0f,0.9344f,0.3563f,-0.8427f,0f,0.3563f,-0.9344f,-1.0531f,0f,0f,0f,1f],start_interpolation: 0,interpolation_duration: 1}
$data merge entity $(bone_top_mouth) {transformation: [-1.0833f,0f,0f,0f,0f,1.0525f,0.2568f,-0.8427f,0f,0.2568f,-1.0525f,-1.0531f,0f,0f,0f,1f],start_interpolation: 0,interpolation_duration: 1}
$data merge entity $(bone_bottom_mouth) {transformation: [-1f,0f,0f,0f,0f,0.9974f,0.0727f,-0.6709f,0f,0.0727f,-0.9974f,-0.8312f,0f,0f,0f,1f],start_interpolation: 0,interpolation_duration: 1}
$data merge entity $(bone_main_head) {transformation: [-1f,0f,0f,0f,0f,0.9715f,0.237f,-0.6006f,0f,0.237f,-0.9715f,-0.9757f,0f,0f,0f,1f],start_interpolation: 0,interpolation_duration: 1}