# This file was generated by Animated Java via MC-Build. It is not recommended to edit this file directly.
$data merge entity $(bone_body) {transformation: [-0.999f,0f,0.0436f,0f,0.0038f,0.9962f,0.0871f,0f,-0.0435f,0.0872f,-0.9952f,-0.0625f,0f,0f,0f,1f],start_interpolation: 0,interpolation_duration: 1}
$data merge entity $(bone_right2) {transformation: [-0.866f,-0.5f,0f,0.2543f,-0.171f,0.2962f,-0.9397f,-0.1243f,0.4698f,-0.8138f,-0.342f,0.8437f,0f,0f,0f,1f],start_interpolation: 0,interpolation_duration: 1}
$data merge entity $(bone_left2) {transformation: [-0.766f,0.6428f,0f,-0.3684f,0.2198f,0.262f,-0.9397f,-0.1057f,-0.604f,-0.7198f,-0.342f,0.7925f,0f,0f,0f,1f],start_interpolation: 0,interpolation_duration: 1}
$data merge entity $(bone_top_mouth2) {transformation: [-1f,0f,0f,0f,0f,0.9346f,0.3557f,-0.8492f,0f,0.3557f,-0.9346f,-1.0444f,0f,0f,0f,1f],start_interpolation: 0,interpolation_duration: 1}
$data merge entity $(bone_top_mouth) {transformation: [-1.0833f,0f,0f,0f,0f,1.0541f,0.2498f,-0.8492f,0f,0.2498f,-1.0541f,-1.0444f,0f,0f,0f,1f],start_interpolation: 0,interpolation_duration: 1}
$data merge entity $(bone_bottom_mouth) {transformation: [-1f,0f,0f,0f,0f,0.9983f,0.0581f,-0.6747f,0f,0.0581f,-0.9983f,-0.8151f,0f,0f,0f,1f],start_interpolation: 0,interpolation_duration: 1}
$data merge entity $(bone_main_head) {transformation: [-1f,0f,0f,0f,0f,0.973f,0.2306f,-0.6032f,0f,0.2306f,-0.973f,-0.9674f,0f,0f,0f,1f],start_interpolation: 0,interpolation_duration: 1}