# This file was generated by Animated Java via MC-Build. It is not recommended to edit this file directly.
$data merge entity $(bone_body) {transformation: [-1f,0f,0f,0f,0f,0.9962f,0.0872f,0f,0f,0.0872f,-0.9962f,-0.0625f,0f,0f,0f,1f],start_interpolation: 0,interpolation_duration: 1}
$data merge entity $(bone_right2) {transformation: [-0.8192f,-0.5736f,0f,0.3125f,-0.1962f,0.2802f,-0.9397f,-0.1149f,0.539f,-0.7698f,-0.342f,0.8179f,0f,0f,0f,1f],start_interpolation: 0,interpolation_duration: 1}
$data merge entity $(bone_left2) {transformation: [-0.8192f,0.5736f,0f,-0.3125f,0.1962f,0.2802f,-0.9397f,-0.1149f,-0.539f,-0.7698f,-0.342f,0.8179f,0f,0f,0f,1f],start_interpolation: 0,interpolation_duration: 1}
$data merge entity $(bone_top_mouth2) {transformation: [-1f,0f,0f,0f,0f,0.9351f,0.3544f,-0.8621f,0f,0.3544f,-0.9351f,-1.0266f,0f,0f,0f,1f],start_interpolation: 0,interpolation_duration: 1}
$data merge entity $(bone_top_mouth) {transformation: [-1.0833f,0f,0f,0f,0f,1.0573f,0.2359f,-0.8621f,0f,0.2359f,-1.0573f,-1.0266f,0f,0f,0f,1f],start_interpolation: 0,interpolation_duration: 1}
$data merge entity $(bone_bottom_mouth) {transformation: [-1f,0f,0f,0f,0f,0.9996f,0.0291f,-0.6816f,0f,0.0291f,-0.9996f,-0.7826f,0f,0f,0f,1f],start_interpolation: 0,interpolation_duration: 1}
$data merge entity $(bone_main_head) {transformation: [-1f,0f,0f,0f,0f,0.976f,0.2177f,-0.6085f,0f,0.2177f,-0.976f,-0.951f,0f,0f,0f,1f],start_interpolation: 0,interpolation_duration: 1}