# This file was generated by Animated Java via MC-Build. It is not recommended to edit this file directly.
$data merge entity $(bone_body) {transformation: [-0.999f,0f,-0.0436f,0f,-0.0038f,0.9962f,0.0871f,0f,0.0435f,0.0872f,-0.9952f,-0.0625f,0f,0f,0f,1f],start_interpolation: 0,interpolation_duration: 1}
$data merge entity $(bone_right2) {transformation: [-0.7373f,-0.6756f,0f,0.3642f,-0.2311f,0.2522f,-0.9397f,-0.1012f,0.6348f,-0.6928f,-0.342f,0.7801f,0f,0f,0f,1f],start_interpolation: 0,interpolation_duration: 1}
$data merge entity $(bone_left2) {transformation: [-0.887f,0.4617f,0f,-0.2555f,0.1579f,0.3034f,-0.9397f,-0.1291f,-0.4339f,-0.8335f,-0.342f,0.8567f,0f,0f,0f,1f],start_interpolation: 0,interpolation_duration: 1}
$data merge entity $(bone_top_mouth2) {transformation: [-1f,0f,0f,0f,0f,0.9356f,0.3532f,-0.875f,0f,0.3532f,-0.9356f,-1.0085f,0f,0f,0f,1f],start_interpolation: 0,interpolation_duration: 1}
$data merge entity $(bone_top_mouth) {transformation: [-1.0833f,0f,0f,0f,0f,1.0604f,0.2219f,-0.875f,0f,0.2219f,-1.0604f,-1.0085f,0f,0f,0f,1f],start_interpolation: 0,interpolation_duration: 1}
$data merge entity $(bone_bottom_mouth) {transformation: [-1f,0f,0f,0f,0f,1f,0f,-0.6875f,0f,0f,-1f,-0.75f,0f,0f,0f,1f],start_interpolation: 0,interpolation_duration: 1}
$data merge entity $(bone_main_head) {transformation: [-1f,0f,0f,0f,0f,0.9788f,0.2048f,-0.6136f,0f,0.2048f,-0.9788f,-0.9347f,0f,0f,0f,1f],start_interpolation: 0,interpolation_duration: 1}