# This file was generated by Animated Java via MC-Build. It is not recommended to edit this file directly.
$data merge entity $(bone_body) {transformation: [-1f,0f,0f,0f,0f,0.9962f,0.0872f,0f,0f,0.0872f,-0.9962f,-0.0625f,0f,0f,0f,1f],start_interpolation: 0,interpolation_duration: 1}
$data merge entity $(bone_right2) {transformation: [-0.8064f,-0.5913f,0f,0.3111f,-0.2033f,0.2773f,-0.939f,-0.1126f,0.5553f,-0.7573f,-0.3438f,0.8119f,0f,0f,0f,1f],start_interpolation: 0,interpolation_duration: 1}
$data merge entity $(bone_left2) {transformation: [-0.8315f,0.5556f,0f,-0.3138f,0.191f,0.2859f,-0.939f,-0.1173f,-0.5217f,-0.7808f,-0.3438f,0.8247f,0f,0f,0f,1f],start_interpolation: 0,interpolation_duration: 1}
$data merge entity $(bone_top_mouth2) {transformation: [-1f,0f,0f,0f,0f,0.9358f,0.3526f,-0.8815f,0f,0.3526f,-0.9358f,-0.9993f,0f,0f,0f,1f],start_interpolation: 0,interpolation_duration: 1}
$data merge entity $(bone_top_mouth) {transformation: [-1.0833f,0f,0f,0f,0f,1.0618f,0.2149f,-0.8815f,0f,0.2149f,-1.0618f,-0.9993f,0f,0f,0f,1f],start_interpolation: 0,interpolation_duration: 1}
$data merge entity $(bone_bottom_mouth) {transformation: [-1f,0f,0f,0f,0f,0.9999f,-0.0145f,-0.6901f,0f,-0.0145f,-0.9999f,-0.7336f,0f,0f,0f,1f],start_interpolation: 0,interpolation_duration: 1}
$data merge entity $(bone_main_head) {transformation: [-1f,0f,0f,0f,0f,0.9801f,0.1983f,-0.6162f,0f,0.1983f,-0.9801f,-0.9265f,0f,0f,0f,1f],start_interpolation: 0,interpolation_duration: 1}