# This file was generated by Animated Java via MC-Build. It is not recommended to edit this file directly.
$data merge entity $(bone_body) {transformation: [-0.9998f,0f,0.0218f,0f,0.0019f,0.9962f,0.0872f,0f,-0.0217f,0.0872f,-0.996f,-0.0625f,0f,0f,0f,1f],start_interpolation: 0,interpolation_duration: 1}
$data merge entity $(bone_right2) {transformation: [-0.8434f,-0.5373f,0f,0.2837f,-0.1839f,0.2887f,-0.9396f,-0.1196f,0.5048f,-0.7924f,-0.3423f,0.8308f,0f,0f,0f,1f],start_interpolation: 0,interpolation_duration: 1}
$data merge entity $(bone_left2) {transformation: [-0.7934f,0.6088f,0f,-0.3407f,0.2084f,0.2716f,-0.9396f,-0.1103f,-0.572f,-0.7454f,-0.3423f,0.8052f,0f,0f,0f,1f],start_interpolation: 0,interpolation_duration: 1}
$data merge entity $(bone_top_mouth2) {transformation: [-1f,0f,0f,0f,0f,0.9363f,0.3513f,-0.8945f,0f,0.3513f,-0.9363f,-0.9806f,0f,0f,0f,1f],start_interpolation: 0,interpolation_duration: 1}
$data merge entity $(bone_top_mouth) {transformation: [-1.0833f,0f,0f,0f,0f,1.0646f,0.2008f,-0.8945f,0f,0.2008f,-1.0646f,-0.9806f,0f,0f,0f,1f],start_interpolation: 0,interpolation_duration: 1}
$data merge entity $(bone_bottom_mouth) {transformation: [-1f,0f,0f,0f,0f,0.999f,-0.0436f,-0.6946f,0f,-0.0436f,-0.999f,-0.7007f,0f,0f,0f,1f],start_interpolation: 0,interpolation_duration: 1}
$data merge entity $(bone_main_head) {transformation: [-1f,0f,0f,0f,0f,0.9827f,0.1854f,-0.6213f,0f,0.1854f,-0.9827f,-0.9101f,0f,0f,0f,1f],start_interpolation: 0,interpolation_duration: 1}