# This file was generated by Animated Java via MC-Build. It is not recommended to edit this file directly.
$data merge entity $(bone_body) {transformation: [-1f,0f,0f,0f,0f,0.9986f,0.0523f,0f,0f,0.0523f,-0.9986f,-0.0094f,0f,0f,0f,1f],start_interpolation: 0,interpolation_duration: 1}
$data merge entity $(bone_left) {transformation: [-0.999f,-0.0458f,0f,0.0094f,-0.0455f,0.9935f,0.1045f,-0.0468f,-0.0048f,0.1044f,-0.9945f,-0.076f,0f,0f,0f,1f],start_interpolation: 0,interpolation_duration: 1}
$data merge entity $(bone_right) {transformation: [-0.999f,0.0458f,0f,-0.0187f,0.0455f,0.9935f,0.1045f,-0.0468f,0.0048f,0.1044f,-0.9945f,-0.076f,0f,0f,0f,1f],start_interpolation: 0,interpolation_duration: 1}
$data merge entity $(bone_right2) {transformation: [-0.9724f,0.2327f,-0.0183f,-0.1125f,0.2314f,0.9508f,-0.2058f,-0.1233f,-0.0305f,-0.2043f,-0.9784f,0.1406f,0f,0f,0f,1f],start_interpolation: 0,interpolation_duration: 1}
$data merge entity $(bone_left2) {transformation: [-0.9724f,-0.2327f,0.0183f,0.1313f,-0.2314f,0.9508f,-0.2058f,-0.1233f,0.0305f,-0.2043f,-0.9784f,0.1406f,0f,0f,0f,1f],start_interpolation: 0,interpolation_duration: 1}
$data merge entity $(bone_top_mouth2) {transformation: [-1f,0f,0f,0f,0f,0.9985f,0.0547f,-0.9252f,0f,0.0547f,-0.9985f,-0.797f,0f,0f,0f,1f],start_interpolation: 0,interpolation_duration: 1}
$data merge entity $(bone_top_mouth) {transformation: [-1.0833f,0f,0f,0f,0f,1.0826f,0.04f,-0.9252f,0f,0.04f,-1.0826f,-0.797f,0f,0f,0f,1f],start_interpolation: 0,interpolation_duration: 1}
$data merge entity $(bone_bottom_mouth) {transformation: [-1f,0f,0f,0f,0f,0.9999f,0.0131f,-0.7381f,0f,0.0131f,-0.9999f,-0.7647f,0f,0f,0f,1f],start_interpolation: 0,interpolation_duration: 1}
$data merge entity $(bone_main_head) {transformation: [-1f,0f,0f,0f,0f,0.9993f,0.0369f,-0.7293f,0f,0.0369f,-0.9993f,-0.7859f,0f,0f,0f,1f],start_interpolation: 0,interpolation_duration: 1}