# This file was generated by Animated Java via MC-Build. It is not recommended to edit this file directly.
$data merge entity $(bone_body) {transformation: [-1f,0f,0f,0f,0f,0.9962f,0.0872f,0f,0f,0.0872f,-0.9962f,-0.0625f,0f,0f,0f,1f],start_interpolation: 0,interpolation_duration: 1}
$data merge entity $(bone_right2) {transformation: [-0.8192f,-0.5736f,0f,0.3125f,-0.1962f,0.2802f,-0.9397f,-0.1149f,0.539f,-0.7698f,-0.342f,0.8179f,0f,0f,0f,1f],start_interpolation: 0,interpolation_duration: 1}
$data merge entity $(bone_left2) {transformation: [-0.8192f,0.5736f,0f,-0.3125f,0.1962f,0.2802f,-0.9397f,-0.1149f,-0.539f,-0.7698f,-0.342f,0.8179f,0f,0f,0f,1f],start_interpolation: 0,interpolation_duration: 1}
$data merge entity $(bone_top_mouth2) {transformation: [-1f,0f,0f,0f,0f,0.9365f,0.3507f,-0.901f,0f,0.3507f,-0.9365f,-0.9712f,0f,0f,0f,1f],start_interpolation: 0,interpolation_duration: 1}
$data merge entity $(bone_top_mouth) {transformation: [-1.0833f,0f,0f,0f,0f,1.0659f,0.1938f,-0.901f,0f,0.1938f,-1.0659f,-0.9712f,0f,0f,0f,1f],start_interpolation: 0,interpolation_duration: 1}
$data merge entity $(bone_bottom_mouth) {transformation: [-1f,0f,0f,0f,0f,0.9983f,-0.0581f,-0.6965f,0f,-0.0581f,-0.9983f,-0.6843f,0f,0f,0f,1f],start_interpolation: 0,interpolation_duration: 1}
$data merge entity $(bone_main_head) {transformation: [-1f,0f,0f,0f,0f,0.9839f,0.1789f,-0.6238f,0f,0.1789f,-0.9839f,-0.9019f,0f,0f,0f,1f],start_interpolation: 0,interpolation_duration: 1}