# This file was generated by Animated Java via MC-Build. It is not recommended to edit this file directly.
$data merge entity $(bone_body) {transformation: [-1f,0f,0f,0f,0f,0.9962f,0.0872f,0f,0f,0.0872f,-0.9962f,-0.0625f,0f,0f,0f,1f],start_interpolation: 0,interpolation_duration: 1}
$data merge entity $(bone_left) {transformation: [-0.9537f,-0.2961f,-0.0522f,0.125f,-0.2032f,0.5065f,0.838f,-0.2182f,-0.2217f,0.8098f,-0.5432f,-0.8735f,0f,0f,0f,1f],start_interpolation: 0,interpolation_duration: 1}
$data merge entity $(bone_right2) {transformation: [-0.8192f,-0.5736f,0f,0.3125f,-0.1962f,0.2802f,-0.9397f,-0.1149f,0.539f,-0.7698f,-0.342f,0.8179f,0f,0f,0f,1f],start_interpolation: 0,interpolation_duration: 1}
$data merge entity $(bone_left2) {transformation: [-0.8192f,0.5736f,0f,-0.3125f,0.1962f,0.2802f,-0.9397f,-0.1149f,-0.539f,-0.7698f,-0.342f,0.8179f,0f,0f,0f,1f],start_interpolation: 0,interpolation_duration: 1}
$data merge entity $(bone_top_mouth2) {transformation: [-1f,0f,0f,0f,0f,0.9379f,0.347f,-0.9402f,0f,0.347f,-0.9379f,-0.912f,0f,0f,0f,1f],start_interpolation: 0,interpolation_duration: 1}
$data merge entity $(bone_top_mouth) {transformation: [-1.0833f,0f,0f,0f,0f,1.0727f,0.1513f,-0.9402f,0f,0.1513f,-1.0727f,-0.912f,0f,0f,0f,1f],start_interpolation: 0,interpolation_duration: 1}
$data merge entity $(bone_bottom_mouth) {transformation: [-1f,0f,0f,0f,0f,0.9894f,-0.1449f,-0.7028f,0f,-0.1449f,-0.9894f,-0.585f,0f,0f,0f,1f],start_interpolation: 0,interpolation_duration: 1}
$data merge entity $(bone_main_head) {transformation: [-1f,0f,0f,0f,0f,0.9902f,0.1397f,-0.6387f,0f,0.1397f,-0.9902f,-0.8528f,0f,0f,0f,1f],start_interpolation: 0,interpolation_duration: 1}