# This file was generated by Animated Java via MC-Build. It is not recommended to edit this file directly.
$data merge entity $(bone_body) {transformation: [-0.9998f,0f,-0.0218f,0f,-0.0019f,0.9962f,0.0872f,0f,0.0217f,0.0872f,-0.996f,-0.0625f,0f,0f,0f,1f],start_interpolation: 0,interpolation_duration: 1}
$data merge entity $(bone_left) {transformation: [-0.9537f,-0.2826f,-0.1028f,0.1875f,-0.2032f,0.3533f,0.9132f,-0.2066f,-0.2217f,0.8918f,-0.3944f,-1.1384f,0f,0f,0f,1f],start_interpolation: 0,interpolation_duration: 1}
$data merge entity $(bone_right2) {transformation: [-0.7799f,-0.6259f,0f,0.339f,-0.2145f,0.2672f,-0.9395f,-0.108f,0.588f,-0.7327f,-0.3427f,0.799f,0f,0f,0f,1f],start_interpolation: 0,interpolation_duration: 1}
$data merge entity $(bone_left2) {transformation: [-0.8549f,0.5188f,0f,-0.2847f,0.1777f,0.293f,-0.9395f,-0.122f,-0.4874f,-0.8032f,-0.3427f,0.8374f,0f,0f,0f,1f],start_interpolation: 0,interpolation_duration: 1}
$data merge entity $(bone_top_mouth2) {transformation: [-1f,0f,0f,0f,0f,0.9381f,0.3464f,-0.9467f,0f,0.3464f,-0.9381f,-0.9017f,0f,0f,0f,1f],start_interpolation: 0,interpolation_duration: 1}
$data merge entity $(bone_top_mouth) {transformation: [-1.0833f,0f,0f,0f,0f,1.0737f,0.1442f,-0.9467f,0f,0.1442f,-1.0737f,-0.9017f,0f,0f,0f,1f],start_interpolation: 0,interpolation_duration: 1}
$data merge entity $(bone_bottom_mouth) {transformation: [-1f,0f,0f,0f,0f,0.9872f,-0.1593f,-0.703f,0f,-0.1593f,-0.9872f,-0.5684f,0f,0f,0f,1f],start_interpolation: 0,interpolation_duration: 1}
$data merge entity $(bone_main_head) {transformation: [-1f,0f,0f,0f,0f,0.9911f,0.1331f,-0.6411f,0f,0.1331f,-0.9911f,-0.8446f,0f,0f,0f,1f],start_interpolation: 0,interpolation_duration: 1}