# This file was generated by Animated Java via MC-Build. It is not recommended to edit this file directly.
$data merge entity $(bone_body) {transformation: [-1f,0f,0f,0f,0f,0.9976f,0.0698f,0f,0f,0.0698f,-0.9976f,-0.0125f,0f,0f,0f,1f],start_interpolation: 0,interpolation_duration: 1}
$data merge entity $(bone_left) {transformation: [-0.9981f,-0.061f,0f,0.0125f,-0.0605f,0.9884f,0.1392f,-0.0624f,-0.0085f,0.1389f,-0.9903f,-0.1017f,0f,0f,0f,1f],start_interpolation: 0,interpolation_duration: 1}
$data merge entity $(bone_right) {transformation: [-0.9981f,0.061f,0f,-0.025f,0.0605f,0.9884f,0.1392f,-0.0624f,0.0085f,0.1389f,-0.9903f,-0.1017f,0f,0f,0f,1f],start_interpolation: 0,interpolation_duration: 1}
$data merge entity $(bone_right2) {transformation: [-0.9511f,0.3073f,-0.0323f,-0.15f,0.3043f,0.9133f,-0.2706f,-0.1605f,-0.0537f,-0.2672f,-0.9622f,0.1912f,0f,0f,0f,1f],start_interpolation: 0,interpolation_duration: 1}
$data merge entity $(bone_left2) {transformation: [-0.9511f,-0.3073f,0.0323f,0.175f,-0.3043f,0.9133f,-0.2706f,-0.1605f,0.0537f,-0.2672f,-0.9622f,0.1912f,0f,0f,0f,1f],start_interpolation: 0,interpolation_duration: 1}
$data merge entity $(bone_top_mouth2) {transformation: [-1f,0f,0f,0f,0f,0.9973f,0.0729f,-0.9208f,0f,0.0729f,-0.9973f,-0.8126f,0f,0f,0f,1f],start_interpolation: 0,interpolation_duration: 1}
$data merge entity $(bone_top_mouth) {transformation: [-1.0833f,0f,0f,0f,0f,1.082f,0.0533f,-0.9208f,0f,0.0533f,-1.082f,-0.8126f,0f,0f,0f,1f],start_interpolation: 0,interpolation_duration: 1}
$data merge entity $(bone_bottom_mouth) {transformation: [-1f,0f,0f,0f,0f,0.9998f,0.0175f,-0.7341f,0f,0.0175f,-0.9998f,-0.7696f,0f,0f,0f,1f],start_interpolation: 0,interpolation_duration: 1}
$data merge entity $(bone_main_head) {transformation: [-1f,0f,0f,0f,0f,0.9988f,0.0492f,-0.7222f,0f,0.0492f,-0.9988f,-0.7978f,0f,0f,0f,1f],start_interpolation: 0,interpolation_duration: 1}