# This file was generated by Animated Java via MC-Build. It is not recommended to edit this file directly.
$data merge entity $(bone_body) {transformation: [-0.999f,0f,0.0436f,0f,0.0038f,0.9962f,0.0871f,0f,-0.0435f,0.0872f,-0.9952f,-0.0625f,0f,0f,0f,1f],start_interpolation: 0,interpolation_duration: 1}
$data merge entity $(bone_right2) {transformation: [-0.866f,-0.5f,0f,0.2543f,-0.171f,0.2962f,-0.9397f,-0.1243f,0.4698f,-0.8138f,-0.342f,0.8437f,0f,0f,0f,1f],start_interpolation: 0,interpolation_duration: 1}
$data merge entity $(bone_left2) {transformation: [-0.766f,0.6428f,0f,-0.3684f,0.2198f,0.262f,-0.9397f,-0.1057f,-0.604f,-0.7198f,-0.342f,0.7925f,0f,0f,0f,1f],start_interpolation: 0,interpolation_duration: 1}
$data merge entity $(bone_top_mouth2) {transformation: [-1f,0f,0f,0f,0f,0.9388f,0.3445f,-0.9662f,0f,0.3445f,-0.9388f,-0.8702f,0f,0f,0f,1f],start_interpolation: 0,interpolation_duration: 1}
$data merge entity $(bone_top_mouth) {transformation: [-1.0833f,0f,0f,0f,0f,1.0763f,0.1229f,-0.9662f,0f,0.1229f,-1.0763f,-0.8702f,0f,0f,0f,1f],start_interpolation: 0,interpolation_duration: 1}
$data merge entity $(bone_bottom_mouth) {transformation: [-1f,0f,0f,0f,0f,0.9793f,-0.2022f,-0.7022f,0f,-0.2022f,-0.9793f,-0.5186f,0f,0f,0f,1f],start_interpolation: 0,interpolation_duration: 1}
$data merge entity $(bone_main_head) {transformation: [-1f,0f,0f,0f,0f,0.9935f,0.1135f,-0.6483f,0f,0.1135f,-0.9935f,-0.8198f,0f,0f,0f,1f],start_interpolation: 0,interpolation_duration: 1}