# This file was generated by Animated Java via MC-Build. It is not recommended to edit this file directly.
$data merge entity $(bone_body) {transformation: [-1f,0f,0f,0f,0f,0.9962f,0.0872f,0f,0f,0.0872f,-0.9962f,-0.0625f,0f,0f,0f,1f],start_interpolation: 0,interpolation_duration: 1}
$data merge entity $(bone_right) {transformation: [-0.9537f,0.2826f,0.1028f,-0.1875f,0.2032f,0.3533f,0.9132f,-0.2066f,0.2217f,0.8918f,-0.3944f,-1.1384f,0f,0f,0f,1f],start_interpolation: 0,interpolation_duration: 1}
$data merge entity $(bone_right2) {transformation: [-0.8192f,-0.5736f,0f,0.3125f,-0.1962f,0.2802f,-0.9397f,-0.1149f,0.539f,-0.7698f,-0.342f,0.8179f,0f,0f,0f,1f],start_interpolation: 0,interpolation_duration: 1}
$data merge entity $(bone_left2) {transformation: [-0.8192f,0.5736f,0f,-0.3125f,0.1962f,0.2802f,-0.9397f,-0.1149f,-0.539f,-0.7698f,-0.342f,0.8179f,0f,0f,0f,1f],start_interpolation: 0,interpolation_duration: 1}
$data merge entity $(bone_top_mouth2) {transformation: [-1f,0f,0f,0f,0f,0.9392f,0.3433f,-0.9792f,0f,0.3433f,-0.9392f,-0.8486f,0f,0f,0f,1f],start_interpolation: 0,interpolation_duration: 1}
$data merge entity $(bone_top_mouth) {transformation: [-1.0833f,0f,0f,0f,0f,1.0779f,0.1087f,-0.9792f,0f,0.1087f,-1.0779f,-0.8486f,0f,0f,0f,1f],start_interpolation: 0,interpolation_duration: 1}
$data merge entity $(bone_bottom_mouth) {transformation: [-1f,0f,0f,0f,0f,0.973f,-0.2306f,-0.7004f,0f,-0.2306f,-0.973f,-0.4855f,0f,0f,0f,1f],start_interpolation: 0,interpolation_duration: 1}
$data merge entity $(bone_main_head) {transformation: [-1f,0f,0f,0f,0f,0.995f,0.1003f,-0.6531f,0f,0.1003f,-0.995f,-0.8033f,0f,0f,0f,1f],start_interpolation: 0,interpolation_duration: 1}