# This file was generated by Animated Java via MC-Build. It is not recommended to edit this file directly.
$data merge entity $(bone_body) {transformation: [-0.9998f,0f,-0.0218f,0f,-0.0019f,0.9962f,0.0872f,0f,0.0217f,0.0872f,-0.996f,-0.0625f,0f,0f,0f,1f],start_interpolation: 0,interpolation_duration: 1}
$data merge entity $(bone_right2) {transformation: [-0.7799f,-0.6259f,0f,0.339f,-0.2145f,0.2672f,-0.9395f,-0.108f,0.588f,-0.7327f,-0.3427f,0.799f,0f,0f,0f,1f],start_interpolation: 0,interpolation_duration: 1}
$data merge entity $(bone_left2) {transformation: [-0.8549f,0.5188f,0f,-0.2847f,0.1777f,0.293f,-0.9395f,-0.122f,-0.4874f,-0.8032f,-0.3427f,0.8374f,0f,0f,0f,1f],start_interpolation: 0,interpolation_duration: 1}
$data merge entity $(bone_top_mouth2) {transformation: [-1f,0f,0f,0f,0f,0.9395f,0.3426f,-0.9856f,0f,0.3426f,-0.9395f,-0.8376f,0f,0f,0f,1f],start_interpolation: 0,interpolation_duration: 1}
$data merge entity $(bone_top_mouth) {transformation: [-1.0833f,0f,0f,0f,0f,1.0786f,0.1016f,-0.9856f,0f,0.1016f,-1.0786f,-0.8376f,0f,0f,0f,1f],start_interpolation: 0,interpolation_duration: 1}
$data merge entity $(bone_bottom_mouth) {transformation: [-1f,0f,0f,0f,0f,0.9696f,-0.2447f,-0.6992f,0f,-0.2447f,-0.9696f,-0.469f,0f,0f,0f,1f],start_interpolation: 0,interpolation_duration: 1}
$data merge entity $(bone_main_head) {transformation: [-1f,0f,0f,0f,0f,0.9956f,0.0937f,-0.6555f,0f,0.0937f,-0.9956f,-0.795f,0f,0f,0f,1f],start_interpolation: 0,interpolation_duration: 1}