# This file was generated by Animated Java via MC-Build. It is not recommended to edit this file directly.
$data merge entity $(bone_body) {transformation: [-0.999f,-0.0029f,-0.0435f,0f,-0.0038f,0.9998f,0.0217f,0f,0.0435f,0.0219f,-0.9988f,-0.0625f,0f,0f,0f,1f],start_interpolation: 0,interpolation_duration: 1}
$data merge entity $(bone_top_mouth2) {transformation: [-1f,0f,0f,0f,0f,0.973f,0.2306f,-0.9758f,0f,0.2306f,-0.973f,-0.7355f,0f,0f,0f,1f],start_interpolation: 0,interpolation_duration: 1}
$data merge entity $(bone_top_mouth) {transformation: [-1.0833f,0f,0f,0f,0f,1.0832f,0.0158f,-0.9758f,0f,0.0158f,-1.0832f,-0.7355f,0f,0f,0f,1f],start_interpolation: 0,interpolation_duration: 1}
$data merge entity $(bone_bottom_mouth) {transformation: [-1f,0f,0f,0f,0f,0.9621f,-0.2728f,-0.696f,0f,-0.2728f,-0.9621f,-0.4359f,0f,0f,0f,1f],start_interpolation: 0,interpolation_duration: 1}
$data merge entity $(bone_main_head) {transformation: [-1f,0f,0f,0f,0f,0.9999f,0.0145f,-0.6668f,0f,0.0145f,-0.9999f,-0.7149f,0f,0f,0f,1f],start_interpolation: 0,interpolation_duration: 1}