# This file was generated by Animated Java via MC-Build. It is not recommended to edit this file directly.
$data merge entity $(bone_body) {transformation: [-0.999f,-0.0057f,-0.0432f,0f,-0.0038f,0.999f,-0.0437f,0f,0.0435f,-0.0435f,-0.9981f,-0.0625f,0f,0f,0f,1f],start_interpolation: 0,interpolation_duration: 1}
$data merge entity $(bone_top_mouth2) {transformation: [-1f,0f,0f,0f,0f,0.9932f,0.1161f,-0.9573f,0f,0.1161f,-0.9932f,-0.6451f,0f,0f,0f,1f],start_interpolation: 0,interpolation_duration: 1}
$data merge entity $(bone_top_mouth) {transformation: [-1.0833f,0f,0f,0f,0f,1.0815f,-0.063f,-0.9573f,0f,-0.063f,-1.0815f,-0.6451f,0f,0f,0f,1f],start_interpolation: 0,interpolation_duration: 1}
$data merge entity $(bone_bottom_mouth) {transformation: [-1f,0f,0f,0f,0f,0.958f,-0.2868f,-0.694f,0f,-0.2868f,-0.958f,-0.4195f,0f,0f,0f,1f],start_interpolation: 0,interpolation_duration: 1}
$data merge entity $(bone_main_head) {transformation: [-1f,0f,0f,0f,0f,0.9983f,-0.0581f,-0.6739f,0f,-0.0581f,-0.9983f,-0.643f,0f,0f,0f,1f],start_interpolation: 0,interpolation_duration: 1}