# This file was generated by Animated Java via MC-Build. It is not recommended to edit this file directly.
$data merge entity $(bone_body) {transformation: [-0.999f,-0.0085f,-0.0428f,0f,-0.0038f,0.994f,-0.1089f,0.0938f,0.0435f,-0.1087f,-0.9931f,-0.0312f,0f,0f,0f,1f],start_interpolation: 0,interpolation_duration: 1}
$data merge entity $(bone_left) {transformation: [-0.9677f,-0.2303f,-0.1024f,0.1562f,-0.2136f,0.5341f,0.818f,-0.2248f,-0.1337f,0.8134f,-0.5661f,-0.9674f,0f,0f,0f,1f],start_interpolation: 0,interpolation_duration: 1}
$data merge entity $(bone_right) {transformation: [-0.9677f,0.2303f,0.1024f,-0.1562f,0.2136f,0.5341f,0.818f,-0.2248f,0.1337f,0.8134f,-0.5661f,-0.9674f,0f,0f,0f,1f],start_interpolation: 0,interpolation_duration: 1}
$data merge entity $(bone_right2) {transformation: [-0.8537f,-0.5096f,-0.1074f,0.2721f,-0.2045f,0.5177f,-0.8308f,-0.0963f,0.479f,-0.6873f,-0.5461f,0.6687f,0f,0f,0f,1f],start_interpolation: 0,interpolation_duration: 1}
$data merge entity $(bone_left2) {transformation: [-0.9421f,0.331f,0.0542f,-0.1751f,0.1406f,0.5364f,-0.8322f,-0.1231f,-0.3045f,-0.7764f,-0.5518f,0.7384f,0f,0f,0f,1f],start_interpolation: 0,interpolation_duration: 1}
$data merge entity $(bone_top_mouth2) {transformation: [-1f,0f,0f,0f,0f,1f,0f,-0.9052f,0f,0f,-1f,-0.5553f,0f,0f,0f,1f],start_interpolation: 0,interpolation_duration: 1}
$data merge entity $(bone_top_mouth) {transformation: [-1.0833f,0f,0f,0f,0f,1.0741f,-0.1414f,-0.9052f,0f,-0.1414f,-1.0741f,-0.5553f,0f,0f,0f,1f],start_interpolation: 0,interpolation_duration: 1}
$data merge entity $(bone_bottom_mouth) {transformation: [-1f,0f,0f,0f,0f,0.9537f,-0.3007f,-0.6606f,0f,-0.3007f,-0.9537f,-0.403f,0f,0f,0f,1f],start_interpolation: 0,interpolation_duration: 1}
$data merge entity $(bone_main_head) {transformation: [-1f,0f,0f,0f,0f,0.9914f,-0.1305f,-0.6479f,0f,-0.1305f,-0.9914f,-0.5708f,0f,0f,0f,1f],start_interpolation: 0,interpolation_duration: 1}