# This file was generated by Animated Java via MC-Build. It is not recommended to edit this file directly.
$data merge entity $(bone_body) {transformation: [-0.999f,-0.0113f,-0.0421f,0f,-0.0038f,0.9848f,-0.1737f,0.1875f,0.0435f,-0.1734f,-0.9839f,0f,0f,0f,0f,1f],start_interpolation: 0,interpolation_duration: 1}
$data merge entity $(bone_left) {transformation: [-0.9788f,-0.1772f,-0.1023f,0.125f,-0.198f,0.6947f,0.6915f,-0.238f,-0.0515f,0.6971f,-0.7151f,-0.7748f,0f,0f,0f,1f],start_interpolation: 0,interpolation_duration: 1}
$data merge entity $(bone_right) {transformation: [-0.9788f,0.1772f,0.1023f,-0.125f,0.198f,0.6947f,0.6915f,-0.238f,0.0515f,0.6971f,-0.7151f,-0.7748f,0f,0f,0f,1f],start_interpolation: 0,interpolation_duration: 1}
$data merge entity $(bone_right2) {transformation: [-0.938f,-0.3119f,-0.1515f,0.1777f,-0.1414f,0.7432f,-0.654f,-0.0842f,0.3166f,-0.592f,-0.7412f,0.5405f,0f,0f,0f,1f],start_interpolation: 0,interpolation_duration: 1}
$data merge entity $(bone_left2) {transformation: [-0.979f,0.1928f,0.0655f,-0.0971f,0.1005f,0.7374f,-0.668f,-0.1123f,-0.1771f,-0.6474f,-0.7413f,0.6018f,0f,0f,0f,1f],start_interpolation: 0,interpolation_duration: 1}
$data merge entity $(bone_top_mouth2) {transformation: [-1f,0f,0f,0f,0f,0.9932f,-0.1161f,-0.8507f,0f,-0.1161f,-0.9932f,-0.4661f,0f,0f,0f,1f],start_interpolation: 0,interpolation_duration: 1}
$data merge entity $(bone_top_mouth) {transformation: [-1.0833f,0f,0f,0f,0f,1.061f,-0.2191f,-0.8507f,0f,-0.2191f,-1.061f,-0.4661f,0f,0f,0f,1f],start_interpolation: 0,interpolation_duration: 1}
$data merge entity $(bone_bottom_mouth) {transformation: [-1f,0f,0f,0f,0f,0.9492f,-0.3145f,-0.6269f,0f,-0.3145f,-0.9492f,-0.3866f,0f,0f,0f,1f],start_interpolation: 0,interpolation_duration: 1}
$data merge entity $(bone_main_head) {transformation: [-1f,0f,0f,0f,0f,0.9793f,-0.2022f,-0.6201f,0f,-0.2022f,-0.9793f,-0.4986f,0f,0f,0f,1f],start_interpolation: 0,interpolation_duration: 1}