# This file was generated by Animated Java via MC-Build. It is not recommended to edit this file directly.
$data merge entity $(bone_body) {transformation: [-0.999f,-0.014f,-0.0413f,0f,-0.0038f,0.9713f,-0.2378f,0.2813f,0.0435f,-0.2374f,-0.9704f,0.0313f,0f,0f,0f,1f],start_interpolation: 0,interpolation_duration: 1}
$data merge entity $(bone_left) {transformation: [-0.987f,-0.1235f,-0.1025f,0.0937f,-0.1595f,0.827f,0.5391f,-0.2421f,0.0182f,0.5484f,-0.836f,-0.562f,0f,0f,0f,1f],start_interpolation: 0,interpolation_duration: 1}
$data merge entity $(bone_right) {transformation: [-0.987f,0.1235f,0.1025f,-0.0937f,0.1595f,0.827f,0.5391f,-0.2421f,-0.0182f,0.5484f,-0.836f,-0.562f,0f,0f,0f,1f],start_interpolation: 0,interpolation_duration: 1}
$data merge entity $(bone_right2) {transformation: [-0.9864f,-0.1072f,-0.1248f,0.0809f,-0.0442f,0.9033f,-0.4267f,-0.0626f,0.1585f,-0.4154f,-0.8957f,0.3963f,0f,0f,0f,1f],start_interpolation: 0,interpolation_duration: 1}
$data merge entity $(bone_left2) {transformation: [-0.9976f,0.0604f,0.0336f,-0.0217f,0.0383f,0.8882f,-0.4579f,-0.0942f,-0.0575f,-0.4555f,-0.8884f,0.4478f,0f,0f,0f,1f],start_interpolation: 0,interpolation_duration: 1}
$data merge entity $(bone_top_mouth2) {transformation: [-1f,0f,0f,0f,0f,0.973f,-0.2306f,-0.794f,0f,-0.2306f,-0.973f,-0.3776f,0f,0f,0f,1f],start_interpolation: 0,interpolation_duration: 1}
$data merge entity $(bone_top_mouth) {transformation: [-1.0833f,0f,0f,0f,0f,1.0422f,-0.2956f,-0.794f,0f,-0.2956f,-1.0422f,-0.3776f,0f,0f,0f,1f],start_interpolation: 0,interpolation_duration: 1}
$data merge entity $(bone_bottom_mouth) {transformation: [-1f,0f,0f,0f,0f,0.9446f,-0.3283f,-0.5929f,0f,-0.3283f,-0.9446f,-0.3702f,0f,0f,0f,1f],start_interpolation: 0,interpolation_duration: 1}
$data merge entity $(bone_main_head) {transformation: [-1f,0f,0f,0f,0f,0.9621f,-0.2728f,-0.5904f,0f,-0.2728f,-0.9621f,-0.4263f,0f,0f,0f,1f],start_interpolation: 0,interpolation_duration: 1}