# This file was generated by Animated Java via MC-Build. It is not recommended to edit this file directly.
$data merge entity $(bone_body) {transformation: [-1f,0f,0f,0f,0f,0.9962f,0.0872f,0f,0f,0.0872f,-0.9962f,-0.0156f,0f,0f,0f,1f],start_interpolation: 0,interpolation_duration: 1}
$data merge entity $(bone_left) {transformation: [-0.9971f,-0.0763f,0f,0.0156f,-0.0751f,0.9819f,0.1736f,-0.0779f,-0.0132f,0.1731f,-0.9848f,-0.1277f,0f,0f,0f,1f],start_interpolation: 0,interpolation_duration: 1}
$data merge entity $(bone_right) {transformation: [-0.9971f,0.0763f,0f,-0.0312f,0.0751f,0.9819f,0.1736f,-0.0779f,0.0132f,0.1731f,-0.9848f,-0.1277f,0f,0f,0f,1f],start_interpolation: 0,interpolation_duration: 1}
$data merge entity $(bone_right2) {transformation: [-0.9239f,0.3794f,-0.05f,-0.1875f,0.3736f,0.866f,-0.3323f,-0.1955f,-0.0828f,-0.3257f,-0.9418f,0.2436f,0f,0f,0f,1f],start_interpolation: 0,interpolation_duration: 1}
$data merge entity $(bone_left2) {transformation: [-0.9239f,-0.3794f,0.05f,0.2187f,-0.3736f,0.866f,-0.3323f,-0.1955f,0.0828f,-0.3257f,-0.9418f,0.2436f,0f,0f,0f,1f],start_interpolation: 0,interpolation_duration: 1}
$data merge entity $(bone_top_mouth2) {transformation: [-1f,0f,0f,0f,0f,0.9958f,0.0911f,-0.9164f,0f,0.0911f,-0.9958f,-0.8283f,0f,0f,0f,1f],start_interpolation: 0,interpolation_duration: 1}
$data merge entity $(bone_top_mouth) {transformation: [-1.0833f,0f,0f,0f,0f,1.0813f,0.0666f,-0.9164f,0f,0.0666f,-1.0813f,-0.8283f,0f,0f,0f,1f],start_interpolation: 0,interpolation_duration: 1}
$data merge entity $(bone_bottom_mouth) {transformation: [-1f,0f,0f,0f,0f,0.9998f,0.0218f,-0.73f,0f,0.0218f,-0.9998f,-0.7745f,0f,0f,0f,1f],start_interpolation: 0,interpolation_duration: 1}
$data merge entity $(bone_main_head) {transformation: [-1f,0f,0f,0f,0f,0.9981f,0.0614f,-0.715f,0f,0.0614f,-0.9981f,-0.8097f,0f,0f,0f,1f],start_interpolation: 0,interpolation_duration: 1}