# This file was generated by Animated Java via MC-Build. It is not recommended to edit this file directly.
$data merge entity $(bone_body) {transformation: [-0.999f,-0.0167f,-0.0403f,0f,-0.0038f,0.9537f,-0.3008f,0.375f,0.0435f,-0.3003f,-0.9528f,0.0625f,0f,0f,0f,1f],start_interpolation: 0,interpolation_duration: 1}
$data merge entity $(bone_left) {transformation: [-0.9923f,-0.0695f,-0.1028f,0.0625f,-0.1027f,0.9246f,0.3669f,-0.2332f,0.0696f,0.3746f,-0.9246f,-0.3312f,0f,0f,0f,1f],start_interpolation: 0,interpolation_duration: 1}
$data merge entity $(bone_right) {transformation: [-0.9923f,0.0695f,0.1028f,-0.0625f,0.1027f,0.9246f,0.3669f,-0.2332f,-0.0696f,0.3746f,-0.9246f,-0.3312f,0f,0f,0f,1f],start_interpolation: 0,interpolation_duration: 1}
$data merge entity $(bone_right2) {transformation: [-0.9965f,0.0782f,-0.0292f,-0.0183f,0.0821f,0.981f,-0.176f,-0.0295f,0.0149f,-0.1777f,-0.984f,0.2378f,0f,0f,0f,1f],start_interpolation: 0,interpolation_duration: 1}
$data merge entity $(bone_left2) {transformation: [-0.9978f,-0.0535f,-0.0383f,0.0513f,-0.0439f,0.9748f,-0.2187f,-0.0668f,0.049f,-0.2166f,-0.975f,0.2775f,0f,0f,0f,1f],start_interpolation: 0,interpolation_duration: 1}
$data merge entity $(bone_top_mouth2) {transformation: [-1f,0f,0f,0f,0f,0.9397f,-0.342f,-0.735f,0f,-0.342f,-0.9397f,-0.2898f,0f,0f,0f,1f],start_interpolation: 0,interpolation_duration: 1}
$data merge entity $(bone_top_mouth) {transformation: [-1.0833f,0f,0f,0f,0f,1.018f,-0.3705f,-0.735f,0f,-0.3705f,-1.018f,-0.2898f,0f,0f,0f,1f],start_interpolation: 0,interpolation_duration: 1}
$data merge entity $(bone_bottom_mouth) {transformation: [-1f,0f,0f,0f,0f,0.9397f,-0.342f,-0.5588f,0f,-0.342f,-0.9397f,-0.3539f,0f,0f,0f,1f],start_interpolation: 0,interpolation_duration: 1}
$data merge entity $(bone_main_head) {transformation: [-1f,0f,0f,0f,0f,0.9397f,-0.342f,-0.5588f,0f,-0.342f,-0.9397f,-0.3539f,0f,0f,0f,1f],start_interpolation: 0,interpolation_duration: 1}