# This file was generated by Animated Java via MC-Build. It is not recommended to edit this file directly.
$data merge entity $(bone_body) {transformation: [-0.9993f,-0.0133f,-0.0358f,0f,-0.0033f,0.9645f,-0.2641f,0.3672f,0.038f,-0.2638f,-0.9638f,0.0625f,0f,0f,0f,1f],start_interpolation: 0,interpolation_duration: 1}
$data merge entity $(bone_left) {transformation: [-0.9941f,-0.0646f,-0.0874f,0.0547f,-0.0897f,0.9418f,0.324f,-0.205f,0.0614f,0.3299f,-0.942f,-0.2965f,0f,0f,0f,1f],start_interpolation: 0,interpolation_duration: 1}
$data merge entity $(bone_right) {transformation: [-0.9941f,0.0646f,0.0874f,-0.0547f,0.0897f,0.9418f,0.324f,-0.205f,-0.0614f,0.3299f,-0.942f,-0.2965f,0f,0f,0f,1f],start_interpolation: 0,interpolation_duration: 1}
$data merge entity $(bone_right2) {transformation: [-0.9963f,0.0765f,-0.038f,-0.0163f,0.0815f,0.9847f,-0.1538f,-0.0048f,0.0257f,-0.1563f,-0.9874f,0.2172f,0f,0f,0f,1f],start_interpolation: 0,interpolation_duration: 1}
$data merge entity $(bone_left2) {transformation: [-0.9986f,-0.0391f,-0.0366f,0.0436f,-0.0314f,0.981f,-0.1917f,-0.0421f,0.0434f,-0.1903f,-0.9808f,0.2488f,0f,0f,0f,1f],start_interpolation: 0,interpolation_duration: 1}
$data merge entity $(bone_top_mouth2) {transformation: [-1f,0f,0f,0f,0f,0.9763f,-0.2164f,-0.306f,0f,-0.2164f,-0.9763f,0.9832f,0f,0f,0f,1f],start_interpolation: 0,interpolation_duration: 1}
$data merge entity $(bone_top_mouth) {transformation: [-1.0833f,0f,0f,0f,0f,1.0577f,-0.2345f,-0.306f,0f,-0.2345f,-1.0577f,0.9832f,0f,0f,0f,1f],start_interpolation: 0,interpolation_duration: 1}
$data merge entity $(bone_bottom_mouth) {transformation: [-1f,0f,0f,0f,0f,0.984f,-0.1779f,-0.1059f,0f,-0.1779f,-0.984f,0.8748f,0f,0f,0f,1f],start_interpolation: 0,interpolation_duration: 1}
$data merge entity $(bone_main_head) {transformation: [-1f,0f,0f,0f,0f,0.9763f,-0.2164f,-0.2717f,0f,-0.2164f,-0.9763f,0.2714f,0f,0f,0f,1f],start_interpolation: 0,interpolation_duration: 1}