# This file was generated by Animated Java via MC-Build. It is not recommended to edit this file directly.
$data merge entity $(bone_body) {transformation: [-0.9995f,-0.0102f,-0.0311f,0f,-0.0029f,0.9739f,-0.2271f,0.3594f,0.0326f,-0.2269f,-0.9734f,0.0625f,0f,0f,0f,1f],start_interpolation: 0,interpolation_duration: 1}
$data merge entity $(bone_left) {transformation: [-0.9956f,-0.0585f,-0.0726f,0.0469f,-0.0766f,0.9569f,0.28f,-0.1766f,0.0531f,0.2844f,-0.9573f,-0.2621f,0f,0f,0f,1f],start_interpolation: 0,interpolation_duration: 1}
$data merge entity $(bone_right) {transformation: [-0.9956f,0.0585f,0.0726f,-0.0469f,0.0766f,0.9569f,0.28f,-0.1766f,-0.0531f,0.2844f,-0.9573f,-0.2621f,0f,0f,0f,1f],start_interpolation: 0,interpolation_duration: 1}
$data merge entity $(bone_right2) {transformation: [-0.9965f,0.0717f,-0.0436f,-0.0135f,0.0769f,0.9883f,-0.1315f,0.0151f,0.0337f,-0.1344f,-0.9904f,0.2026f,0f,0f,0f,1f],start_interpolation: 0,interpolation_duration: 1}
$data merge entity $(bone_left2) {transformation: [-0.999f,-0.027f,-0.0343f,0.037f,-0.021f,0.9862f,-0.1644f,-0.0205f,0.0382f,-0.1636f,-0.9858f,0.2266f,0f,0f,0f,1f],start_interpolation: 0,interpolation_duration: 1}
$data merge entity $(bone_top_mouth2) {transformation: [-1f,0f,0f,0f,0f,0.9848f,-0.1736f,-0.3464f,0f,-0.1736f,-0.9848f,0.9547f,0f,0f,0f,1f],start_interpolation: 0,interpolation_duration: 1}
$data merge entity $(bone_top_mouth) {transformation: [-1.0833f,0f,0f,0f,0f,1.0669f,-0.1881f,-0.3464f,0f,-0.1881f,-1.0669f,0.9547f,0f,0f,0f,1f],start_interpolation: 0,interpolation_duration: 1}
$data merge entity $(bone_bottom_mouth) {transformation: [-1f,0f,0f,0f,0f,0.9925f,-0.1219f,-0.1347f,0f,-0.1219f,-0.9925f,0.8315f,0f,0f,0f,1f],start_interpolation: 0,interpolation_duration: 1}
$data merge entity $(bone_main_head) {transformation: [-1f,0f,0f,0f,0f,0.9848f,-0.1736f,-0.2811f,0f,-0.1736f,-0.9848f,0.2451f,0f,0f,0f,1f],start_interpolation: 0,interpolation_duration: 1}