# This file was generated by Animated Java via MC-Build. It is not recommended to edit this file directly.
$data merge entity $(bone_body) {transformation: [-0.9996f,-0.0075f,-0.0262f,0f,-0.0024f,0.9818f,-0.1898f,0.3516f,0.0272f,-0.1896f,-0.9815f,0.0625f,0f,0f,0f,1f],start_interpolation: 0,interpolation_duration: 1}
$data merge entity $(bone_left) {transformation: [-0.997f,-0.0513f,-0.0584f,0.0391f,-0.0637f,0.9699f,0.2351f,-0.1478f,0.0446f,0.2381f,-0.9702f,-0.228f,0f,0f,0f,1f],start_interpolation: 0,interpolation_duration: 1}
$data merge entity $(bone_right) {transformation: [-0.997f,0.0513f,0.0584f,-0.0391f,0.0637f,0.9699f,0.2351f,-0.1478f,-0.0446f,0.2381f,-0.9702f,-0.228f,0f,0f,0f,1f],start_interpolation: 0,interpolation_duration: 1}
$data merge entity $(bone_right2) {transformation: [-0.9969f,0.0641f,-0.0458f,-0.0103f,0.0688f,0.9916f,-0.1092f,0.0293f,0.0384f,-0.112f,-0.993f,0.1933f,0f,0f,0f,1f],start_interpolation: 0,interpolation_duration: 1}
$data merge entity $(bone_left2) {transformation: [-0.9994f,-0.0171f,-0.0312f,0.0311f,-0.0127f,0.9905f,-0.1371f,-0.003f,0.0333f,-0.1366f,-0.9901f,0.2104f,0f,0f,0f,1f],start_interpolation: 0,interpolation_duration: 1}
$data merge entity $(bone_top_mouth2) {transformation: [-1f,0f,0f,0f,0f,0.9914f,-0.1305f,-0.3844f,0f,-0.1305f,-0.9914f,0.9249f,0f,0f,0f,1f],start_interpolation: 0,interpolation_duration: 1}
$data merge entity $(bone_top_mouth) {transformation: [-1.0833f,0f,0f,0f,0f,1.0741f,-0.1414f,-0.3844f,0f,-0.1414f,-1.0741f,0.9249f,0f,0f,0f,1f],start_interpolation: 0,interpolation_duration: 1}
$data merge entity $(bone_bottom_mouth) {transformation: [-1f,0f,0f,0f,0f,0.9979f,-0.0654f,-0.1757f,0f,-0.0654f,-0.9979f,0.8343f,0f,0f,0f,1f],start_interpolation: 0,interpolation_duration: 1}
$data merge entity $(bone_main_head) {transformation: [-1f,0f,0f,0f,0f,0.9914f,-0.1305f,-0.2883f,0f,-0.1305f,-0.9914f,0.2188f,0f,0f,0f,1f],start_interpolation: 0,interpolation_duration: 1}