# This file was generated by Animated Java via MC-Build. It is not recommended to edit this file directly.
$data merge entity $(bone_body) {transformation: [-0.9998f,-0.0052f,-0.0212f,0f,-0.0019f,0.9884f,-0.1521f,0.3438f,0.0217f,-0.152f,-0.9881f,0.0625f,0f,0f,0f,1f],start_interpolation: 0,interpolation_duration: 1}
$data merge entity $(bone_left) {transformation: [-0.9981f,-0.043f,-0.0449f,0.0313f,-0.0508f,0.9806f,0.1893f,-0.1188f,0.0359f,0.1912f,-0.9809f,-0.1943f,0f,0f,0f,1f],start_interpolation: 0,interpolation_duration: 1}
$data merge entity $(bone_right) {transformation: [-0.9981f,0.043f,0.0449f,-0.0313f,0.0508f,0.9806f,0.1893f,-0.1188f,-0.0359f,0.1912f,-0.9809f,-0.1943f,0f,0f,0f,1f],start_interpolation: 0,interpolation_duration: 1}
$data merge entity $(bone_right2) {transformation: [-0.9975f,0.0542f,-0.0444f,-0.0072f,0.0579f,0.9945f,-0.0871f,0.0373f,0.0394f,-0.0894f,-0.9952f,0.1881f,0f,0f,0f,1f],start_interpolation: 0,interpolation_duration: 1}
$data merge entity $(bone_left2) {transformation: [-0.9996f,-0.0095f,-0.0273f,0.0255f,-0.0064f,0.994f,-0.1096f,0.0097f,0.0282f,-0.1094f,-0.9936f,0.1994f,0f,0f,0f,1f],start_interpolation: 0,interpolation_duration: 1}
$data merge entity $(bone_top_mouth2) {transformation: [-1f,0f,0f,0f,0f,0.9962f,-0.0872f,-0.4202f,0f,-0.0872f,-0.9962f,0.8937f,0f,0f,0f,1f],start_interpolation: 0,interpolation_duration: 1}
$data merge entity $(bone_top_mouth) {transformation: [-1.0833f,0f,0f,0f,0f,1.0792f,-0.0944f,-0.4202f,0f,-0.0944f,-1.0792f,0.8937f,0f,0f,0f,1f],start_interpolation: 0,interpolation_duration: 1}
$data merge entity $(bone_bottom_mouth) {transformation: [-1f,0f,0f,0f,0f,1f,-0.0087f,-0.2077f,0f,-0.0087f,-1f,0.8124f,0f,0f,0f,1f],start_interpolation: 0,interpolation_duration: 1}
$data merge entity $(bone_main_head) {transformation: [-1f,0f,0f,0f,0f,0.9962f,-0.0872f,-0.2933f,0f,-0.0872f,-0.9962f,0.1925f,0f,0f,0f,1f],start_interpolation: 0,interpolation_duration: 1}