# This file was generated by Animated Java via MC-Build. It is not recommended to edit this file directly.
$data merge entity $(bone_body) {transformation: [-0.9999f,-0.0033f,-0.016f,0f,-0.0014f,0.9934f,-0.1143f,0.3359f,0.0163f,-0.1142f,-0.9933f,0.0625f,0f,0f,0f,1f],start_interpolation: 0,interpolation_duration: 1}
$data merge entity $(bone_left) {transformation: [-0.9989f,-0.0337f,-0.0323f,0.0234f,-0.0379f,0.989f,0.1428f,-0.0895f,0.0272f,0.1438f,-0.9892f,-0.1608f,0f,0f,0f,1f],start_interpolation: 0,interpolation_duration: 1}
$data merge entity $(bone_right) {transformation: [-0.9989f,0.0337f,0.0323f,-0.0234f,0.0379f,0.989f,0.1428f,-0.0895f,-0.0272f,0.1438f,-0.9892f,-0.1608f,0f,0f,0f,1f],start_interpolation: 0,interpolation_duration: 1}
$data merge entity $(bone_right2) {transformation: [-0.9983f,0.0424f,-0.0391f,-0.0043f,0.0449f,0.9969f,-0.0651f,0.0386f,0.0362f,-0.0667f,-0.9971f,0.1861f,0f,0f,0f,1f],start_interpolation: 0,interpolation_duration: 1}
$data merge entity $(bone_left2) {transformation: [-0.9997f,-0.004f,-0.0223f,0.0199f,-0.0022f,0.9966f,-0.0821f,0.0168f,0.0226f,-0.082f,-0.9964f,0.1925f,0f,0f,0f,1f],start_interpolation: 0,interpolation_duration: 1}
$data merge entity $(bone_top_mouth2) {transformation: [-1f,0f,0f,0f,0f,0.999f,-0.0436f,-0.4535f,0f,-0.0436f,-0.999f,0.8615f,0f,0f,0f,1f],start_interpolation: 0,interpolation_duration: 1}
$data merge entity $(bone_top_mouth) {transformation: [-1.0833f,0f,0f,0f,0f,1.0823f,-0.0473f,-0.4535f,0f,-0.0473f,-1.0823f,0.8615f,0f,0f,0f,1f],start_interpolation: 0,interpolation_duration: 1}
$data merge entity $(bone_bottom_mouth) {transformation: [-1f,0f,0f,0f,0f,0.9988f,0.048f,-0.2377f,0f,0.048f,-0.9988f,0.7895f,0f,0f,0f,1f],start_interpolation: 0,interpolation_duration: 1}
$data merge entity $(bone_main_head) {transformation: [-1f,0f,0f,0f,0f,0.999f,-0.0436f,-0.2962f,0f,-0.0436f,-0.999f,0.1664f,0f,0f,0f,1f],start_interpolation: 0,interpolation_duration: 1}