# This file was generated by Animated Java via MC-Build. It is not recommended to edit this file directly.
$data merge entity $(bone_body) {transformation: [-0.9999f,-0.0018f,-0.0108f,0f,-0.001f,0.9971f,-0.0763f,0.3281f,0.0109f,-0.0763f,-0.997f,0.0625f,0f,0f,0f,1f],start_interpolation: 0,interpolation_duration: 1}
$data merge entity $(bone_left) {transformation: [-0.9995f,-0.0233f,-0.0206f,0.0156f,-0.0252f,0.9951f,0.0956f,-0.0599f,0.0182f,0.0961f,-0.9952f,-0.1277f,0f,0f,0f,1f],start_interpolation: 0,interpolation_duration: 1}
$data merge entity $(bone_right) {transformation: [-0.9995f,0.0233f,0.0206f,-0.0156f,0.0252f,0.9951f,0.0956f,-0.0599f,-0.0182f,0.0961f,-0.9952f,-0.1277f,0f,0f,0f,1f],start_interpolation: 0,interpolation_duration: 1}
$data merge entity $(bone_right2) {transformation: [-0.9991f,0.0291f,-0.03f,-0.002f,0.0304f,0.9986f,-0.0432f,0.0328f,0.0287f,-0.0441f,-0.9986f,0.1861f,0f,0f,0f,1f],start_interpolation: 0,interpolation_duration: 1}
$data merge entity $(bone_left2) {transformation: [-0.9999f,-0.0007f,-0.0162f,0.0139f,0.0002f,0.9985f,-0.0546f,0.0177f,0.0162f,-0.0546f,-0.9984f,0.189f,0f,0f,0f,1f],start_interpolation: 0,interpolation_duration: 1}
$data merge entity $(bone_top_mouth2) {transformation: [-1f,0f,0f,0f,0f,1f,0f,-0.4844f,0f,0f,-1f,0.8281f,0f,0f,0f,1f],start_interpolation: 0,interpolation_duration: 1}
$data merge entity $(bone_top_mouth) {transformation: [-1.0833f,0f,0f,0f,0f,1.0833f,0f,-0.4844f,0f,0f,-1.0833f,0.8281f,0f,0f,0f,1f],start_interpolation: 0,interpolation_duration: 1}
$data merge entity $(bone_bottom_mouth) {transformation: [-1f,0f,0f,0f,0f,0.9945f,0.1045f,-0.2767f,0f,0.1045f,-0.9945f,0.7877f,0f,0f,0f,1f],start_interpolation: 0,interpolation_duration: 1}
$data merge entity $(bone_main_head) {transformation: [-1f,0f,0f,0f,0f,1f,0f,-0.2969f,0f,0f,-1f,0.1406f,0f,0f,0f,1f],start_interpolation: 0,interpolation_duration: 1}