# This file was generated by Animated Java via MC-Build. It is not recommended to edit this file directly.
$data merge entity $(bone_body) {transformation: [-1f,-0.0007f,-0.0054f,0f,-0.0005f,0.9993f,-0.0382f,0.3203f,0.0054f,-0.0382f,-0.9993f,0.0625f,0f,0f,0f,1f],start_interpolation: 0,interpolation_duration: 1}
$data merge entity $(bone_left) {transformation: [-0.9999f,-0.0121f,-0.0098f,0.0078f,-0.0126f,0.9988f,0.048f,-0.0301f,0.0092f,0.0481f,-0.9988f,-0.0949f,0f,0f,0f,1f],start_interpolation: 0,interpolation_duration: 1}
$data merge entity $(bone_right) {transformation: [-0.9999f,0.0121f,0.0098f,-0.0078f,0.0126f,0.9988f,0.048f,-0.0301f,-0.0092f,0.0481f,-0.9988f,-0.0949f,0f,0f,0f,1f],start_interpolation: 0,interpolation_duration: 1}
$data merge entity $(bone_right2) {transformation: [-0.9997f,0.0148f,-0.0169f,-0.0005f,0.0152f,0.9997f,-0.0216f,0.02f,0.0166f,-0.0218f,-0.9996f,0.187f,0f,0f,0f,1f],start_interpolation: 0,interpolation_duration: 1}
$data merge entity $(bone_left2) {transformation: [-1f,0.0006f,-0.0088f,0.0074f,0.0009f,0.9996f,-0.0272f,0.0122f,0.0088f,-0.0272f,-0.9996f,0.1877f,0f,0f,0f,1f],start_interpolation: 0,interpolation_duration: 1}
$data merge entity $(bone_top_mouth2) {transformation: [-1f,0f,0f,0f,0f,0.999f,0.0436f,-0.5127f,0f,0.0436f,-0.999f,0.7938f,0f,0f,0f,1f],start_interpolation: 0,interpolation_duration: 1}
$data merge entity $(bone_top_mouth) {transformation: [-1.0833f,0f,0f,0f,0f,1.0823f,0.0473f,-0.5127f,0f,0.0473f,-1.0823f,0.7938f,0f,0f,0f,1f],start_interpolation: 0,interpolation_duration: 1}
$data merge entity $(bone_bottom_mouth) {transformation: [-1f,0f,0f,0f,0f,0.987f,0.1607f,-0.2915f,0f,0.1607f,-0.987f,0.7409f,0f,0f,0f,1f],start_interpolation: 0,interpolation_duration: 1}
$data merge entity $(bone_main_head) {transformation: [-1f,0f,0f,0f,0f,0.999f,0.0436f,-0.2954f,0f,0.0436f,-0.999f,0.1152f,0f,0f,0f,1f],start_interpolation: 0,interpolation_duration: 1}