# This file was generated by Animated Java via MC-Build. It is not recommended to edit this file directly.
$data merge entity $(bone_body) {transformation: [-1f,0f,0f,0f,0f,0.9945f,0.1045f,0f,0f,0.1045f,-0.9945f,-0.0187f,0f,0f,0f,1f],start_interpolation: 0,interpolation_duration: 1}
$data merge entity $(bone_left) {transformation: [-0.9958f,-0.0915f,0f,0.0188f,-0.0895f,0.974f,0.2079f,-0.0933f,-0.019f,0.207f,-0.9781f,-0.1539f,0f,0f,0f,1f],start_interpolation: 0,interpolation_duration: 1}
$data merge entity $(bone_right) {transformation: [-0.9958f,0.0915f,0f,-0.0375f,0.0895f,0.974f,0.2079f,-0.0933f,0.019f,0.207f,-0.9781f,-0.1539f,0f,0f,0f,1f],start_interpolation: 0,interpolation_duration: 1}
$data merge entity $(bone_right2) {transformation: [-0.891f,0.4484f,-0.071f,-0.225f,0.4385f,0.8096f,-0.3903f,-0.2283f,-0.1175f,-0.3789f,-0.918f,0.2975f,0f,0f,0f,1f],start_interpolation: 0,interpolation_duration: 1}
$data merge entity $(bone_left2) {transformation: [-0.891f,-0.4484f,0.071f,0.2625f,-0.4385f,0.8096f,-0.3903f,-0.2283f,0.1175f,-0.3789f,-0.918f,0.2975f,0f,0f,0f,1f],start_interpolation: 0,interpolation_duration: 1}
$data merge entity $(bone_top_mouth2) {transformation: [-1f,0f,0f,0f,0f,0.994f,0.1093f,-0.9118f,0f,0.1093f,-0.994f,-0.8439f,0f,0f,0f,1f],start_interpolation: 0,interpolation_duration: 1}
$data merge entity $(bone_top_mouth) {transformation: [-1.0833f,0f,0f,0f,0f,1.0804f,0.0799f,-0.9118f,0f,0.0799f,-1.0804f,-0.8439f,0f,0f,0f,1f],start_interpolation: 0,interpolation_duration: 1}
$data merge entity $(bone_bottom_mouth) {transformation: [-1f,0f,0f,0f,0f,0.9997f,0.0262f,-0.726f,0f,0.0262f,-0.9997f,-0.7794f,0f,0f,0f,1f],start_interpolation: 0,interpolation_duration: 1}
$data merge entity $(bone_main_head) {transformation: [-1f,0f,0f,0f,0f,0.9973f,0.0737f,-0.7078f,0f,0.0737f,-0.9973f,-0.8215f,0f,0f,0f,1f],start_interpolation: 0,interpolation_duration: 1}