# This file was generated by Animated Java via MC-Build. It is not recommended to edit this file directly.
$data merge entity $(bone_body) {transformation: [-1f,0f,0f,0f,0f,0.9925f,0.1219f,0f,0f,0.1219f,-0.9925f,-0.0219f,0f,0f,0f,1f],start_interpolation: 0,interpolation_duration: 1}
$data merge entity $(bone_left) {transformation: [-0.9943f,-0.1067f,0f,0.0219f,-0.1035f,0.9648f,0.2419f,-0.1087f,-0.0258f,0.2405f,-0.9703f,-0.1803f,0f,0f,0f,1f],start_interpolation: 0,interpolation_duration: 1}
$data merge entity $(bone_right) {transformation: [-0.9943f,0.1067f,0f,-0.0437f,0.1035f,0.9648f,0.2419f,-0.1087f,0.0258f,0.2405f,-0.9703f,-0.1803f,0f,0f,0f,1f],start_interpolation: 0,interpolation_duration: 1}
$data merge entity $(bone_right2) {transformation: [-0.8526f,0.5137f,-0.0952f,-0.2625f,0.4983f,0.7448f,-0.4439f,-0.2587f,-0.1571f,-0.4259f,-0.891f,0.3528f,0f,0f,0f,1f],start_interpolation: 0,interpolation_duration: 1}
$data merge entity $(bone_left2) {transformation: [-0.8526f,-0.5137f,0.0952f,0.3062f,-0.4983f,0.7448f,-0.4439f,-0.2587f,0.1571f,-0.4259f,-0.891f,0.3528f,0f,0f,0f,1f],start_interpolation: 0,interpolation_duration: 1}
$data merge entity $(bone_top_mouth2) {transformation: [-1f,0f,0f,0f,0f,0.9919f,0.1274f,-0.9072f,0f,0.1274f,-0.9919f,-0.8596f,0f,0f,0f,1f],start_interpolation: 0,interpolation_duration: 1}
$data merge entity $(bone_top_mouth) {transformation: [-1.0833f,0f,0f,0f,0f,1.0793f,0.0931f,-0.9072f,0f,0.0931f,-1.0793f,-0.8596f,0f,0f,0f,1f],start_interpolation: 0,interpolation_duration: 1}
$data merge entity $(bone_bottom_mouth) {transformation: [-1f,0f,0f,0f,0f,0.9995f,0.0305f,-0.7219f,0f,0.0305f,-0.9995f,-0.7843f,0f,0f,0f,1f],start_interpolation: 0,interpolation_duration: 1}
$data merge entity $(bone_main_head) {transformation: [-1f,0f,0f,0f,0f,0.9963f,0.086f,-0.7005f,0f,0.086f,-0.9963f,-0.8334f,0f,0f,0f,1f],start_interpolation: 0,interpolation_duration: 1}