# This file was generated by Animated Java via MC-Build. It is not recommended to edit this file directly.
$data merge entity $(bone_body) {transformation: [-1f,0f,0f,0f,0f,0.9903f,0.1392f,0f,0f,0.1392f,-0.9903f,-0.025f,0f,0f,0f,1f],start_interpolation: 0,interpolation_duration: 1}
$data merge entity $(bone_left) {transformation: [-0.9925f,-0.1219f,0f,0.025f,-0.1171f,0.9541f,0.2756f,-0.124f,-0.0336f,0.2736f,-0.9613f,-0.2069f,0f,0f,0f,1f],start_interpolation: 0,interpolation_duration: 1}
$data merge entity $(bone_right) {transformation: [-0.9925f,0.1219f,0f,-0.05f,0.1171f,0.9541f,0.2756f,-0.124f,0.0336f,0.2736f,-0.9613f,-0.2069f,0f,0f,0f,1f],start_interpolation: 0,interpolation_duration: 1}
$data merge entity $(bone_right2) {transformation: [-0.809f,0.5749f,-0.1222f,-0.3f,0.5523f,0.6725f,-0.4926f,-0.2866f,-0.201f,-0.466f,-0.8616f,0.4094f,0f,0f,0f,1f],start_interpolation: 0,interpolation_duration: 1}
$data merge entity $(bone_left2) {transformation: [-0.809f,-0.5749f,0.1222f,0.35f,-0.5523f,0.6725f,-0.4926f,-0.2866f,0.201f,-0.466f,-0.8616f,0.4094f,0f,0f,0f,1f],start_interpolation: 0,interpolation_duration: 1}
$data merge entity $(bone_top_mouth2) {transformation: [-1f,0f,0f,0f,0f,0.9894f,0.1455f,-0.9024f,0f,0.1455f,-0.9894f,-0.8752f,0f,0f,0f,1f],start_interpolation: 0,interpolation_duration: 1}
$data merge entity $(bone_top_mouth) {transformation: [-1.0833f,0f,0f,0f,0f,1.0781f,0.1064f,-0.9024f,0f,0.1064f,-1.0781f,-0.8752f,0f,0f,0f,1f],start_interpolation: 0,interpolation_duration: 1}
$data merge entity $(bone_bottom_mouth) {transformation: [-1f,0f,0f,0f,0f,0.9994f,0.0349f,-0.7178f,0f,0.0349f,-0.9994f,-0.7891f,0f,0f,0f,1f],start_interpolation: 0,interpolation_duration: 1}
$data merge entity $(bone_main_head) {transformation: [-1f,0f,0f,0f,0f,0.9952f,0.0982f,-0.6931f,0f,0.0982f,-0.9952f,-0.8451f,0f,0f,0f,1f],start_interpolation: 0,interpolation_duration: 1}