# This file was generated by Animated Java via MC-Build. It is not recommended to edit this file directly.
$data merge entity $(bone_body) {transformation: [-1f,0f,0f,0f,0f,0.9877f,0.1564f,0f,0f,0.1564f,-0.9877f,-0.0281f,0f,0f,0f,1f],start_interpolation: 0,interpolation_duration: 1}
$data merge entity $(bone_left) {transformation: [-0.9906f,-0.137f,0f,0.0281f,-0.1303f,0.9421f,0.309f,-0.1392f,-0.0423f,0.3061f,-0.9511f,-0.2337f,0f,0f,0f,1f],start_interpolation: 0,interpolation_duration: 1}
$data merge entity $(bone_right) {transformation: [-0.9906f,0.137f,0f,-0.0562f,0.1303f,0.9421f,0.309f,-0.1392f,0.0423f,0.3061f,-0.9511f,-0.2337f,0f,0f,0f,1f],start_interpolation: 0,interpolation_duration: 1}
$data merge entity $(bone_right2) {transformation: [-0.7604f,0.6315f,-0.1516f,-0.3375f,0.6f,0.5938f,-0.5361f,-0.312f,-0.2485f,-0.4986f,-0.8304f,0.467f,0f,0f,0f,1f],start_interpolation: 0,interpolation_duration: 1}
$data merge entity $(bone_left2) {transformation: [-0.7604f,-0.6315f,0.1516f,0.3938f,-0.6f,0.5938f,-0.5361f,-0.312f,0.2485f,-0.4986f,-0.8304f,0.467f,0f,0f,0f,1f],start_interpolation: 0,interpolation_duration: 1}
$data merge entity $(bone_top_mouth2) {transformation: [-1f,0f,0f,0f,0f,0.9865f,0.1635f,-0.8975f,0f,0.1635f,-0.9865f,-0.8908f,0f,0f,0f,1f],start_interpolation: 0,interpolation_duration: 1}
$data merge entity $(bone_top_mouth) {transformation: [-1.0833f,0f,0f,0f,0f,1.0767f,0.1196f,-0.8975f,0f,0.1196f,-1.0767f,-0.8908f,0f,0f,0f,1f],start_interpolation: 0,interpolation_duration: 1}
$data merge entity $(bone_bottom_mouth) {transformation: [-1f,0f,0f,0f,0f,0.9992f,0.0393f,-0.7136f,0f,0.0393f,-0.9992f,-0.794f,0f,0f,0f,1f],start_interpolation: 0,interpolation_duration: 1}
$data merge entity $(bone_main_head) {transformation: [-1f,0f,0f,0f,0f,0.9939f,0.1104f,-0.6856f,0f,0.1104f,-0.9939f,-0.8569f,0f,0f,0f,1f],start_interpolation: 0,interpolation_duration: 1}