# This file was generated by Animated Java via MC-Build. It is not recommended to edit this file directly.
$data merge entity $(bone_body) {transformation: [-1f,0f,0f,0f,0f,0.9993f,0.0384f,0.3125f,0f,0.0384f,-0.9993f,0f,0f,0f,0f,1f],start_interpolation: 0,interpolation_duration: 1}
$data merge entity $(bone_left) {transformation: [-1f,0f,0f,0f,0f,0.9998f,0.0192f,0f,0f,0.0192f,-0.9998f,-0.125f,0f,0f,0f,1f],start_interpolation: 0,interpolation_duration: 1}
$data merge entity $(bone_right) {transformation: [-1f,0f,0f,0f,0f,0.9998f,0.0192f,0f,0f,0.0192f,-0.9998f,-0.125f,0f,0f,0f,1f],start_interpolation: 0,interpolation_duration: 1}
$data merge entity $(bone_right2) {transformation: [-1f,0f,0f,0f,0f,0.9998f,-0.0192f,0f,0f,-0.0192f,-0.9998f,0.125f,0f,0f,0f,1f],start_interpolation: 0,interpolation_duration: 1}
$data merge entity $(bone_left2) {transformation: [-1f,0f,0f,0f,0f,0.9998f,-0.0192f,0f,0f,-0.0192f,-0.9998f,0.125f,0f,0f,0f,1f],start_interpolation: 0,interpolation_duration: 1}
$data merge entity $(bone_top_mouth2) {transformation: [-1f,0f,0f,0f,0f,0.9971f,0.0767f,-0.6449f,0f,0.0767f,-0.9971f,0.7723f,0f,0f,0f,1f],start_interpolation: 0,interpolation_duration: 1}
$data merge entity $(bone_top_mouth) {transformation: [-1.0833f,0f,0f,0f,0f,1.0801f,0.0831f,-0.6449f,0f,0.0831f,-1.0801f,0.7723f,0f,0f,0f,1f],start_interpolation: 0,interpolation_duration: 1}
$data merge entity $(bone_bottom_mouth) {transformation: [-1f,0f,0f,0f,0f,0.9882f,0.153f,-0.3914f,0f,0.153f,-0.9882f,0.6909f,0f,0f,0f,1f],start_interpolation: 0,interpolation_duration: 1}
$data merge entity $(bone_main_head) {transformation: [-1f,0f,0f,0f,0f,0.9934f,0.1149f,-0.346f,0f,0.1149f,-0.9934f,0.0594f,0f,0f,0f,1f],start_interpolation: 0,interpolation_duration: 1}