# This file was generated by Animated Java via MC-Build. It is not recommended to edit this file directly.
$data merge entity $(bone_body) {transformation: [-1f,0f,0f,0f,0f,0.9988f,0.0488f,0.3125f,0f,0.0488f,-0.9988f,0f,0f,0f,0f,1f],start_interpolation: 0,interpolation_duration: 1}
$data merge entity $(bone_top_mouth2) {transformation: [-1f,0f,0f,0f,0f,0.9952f,0.0976f,-0.6663f,0f,0.0976f,-0.9952f,0.742f,0f,0f,0f,1f],start_interpolation: 0,interpolation_duration: 1}
$data merge entity $(bone_top_mouth) {transformation: [-1.0833f,0f,0f,0f,0f,1.0782f,0.1057f,-0.6663f,0f,0.1057f,-1.0782f,0.742f,0f,0f,0f,1f],start_interpolation: 0,interpolation_duration: 1}
$data merge entity $(bone_bottom_mouth) {transformation: [-1f,0f,0f,0f,0f,0.981f,0.1942f,-0.3911f,0f,0.1942f,-0.981f,0.6412f,0f,0f,0f,1f],start_interpolation: 0,interpolation_duration: 1}
$data merge entity $(bone_main_head) {transformation: [-1f,0f,0f,0f,0f,0.9893f,0.1461f,-0.3355f,0f,0.1461f,-0.9893f,0.0252f,0f,0f,0f,1f],start_interpolation: 0,interpolation_duration: 1}