# This file was generated by Animated Java via MC-Build. It is not recommended to edit this file directly.
$data merge entity $(bone_body) {transformation: [-1f,0f,0f,0f,0f,0.9984f,0.0558f,0.3125f,0f,0.0558f,-0.9984f,0f,0f,0f,0f,1f],start_interpolation: 0,interpolation_duration: 1}
$data merge entity $(bone_top_mouth2) {transformation: [-1f,0f,0f,0f,0f,0.9938f,0.1115f,-0.6803f,0f,0.1115f,-0.9938f,0.7213f,0f,0f,0f,1f],start_interpolation: 0,interpolation_duration: 1}
$data merge entity $(bone_top_mouth) {transformation: [-1.0833f,0f,0f,0f,0f,1.0766f,0.1208f,-0.6803f,0f,0.1208f,-1.0766f,0.7213f,0f,0f,0f,1f],start_interpolation: 0,interpolation_duration: 1}
$data merge entity $(bone_bottom_mouth) {transformation: [-1f,0f,0f,0f,0f,0.9751f,0.2215f,-0.3898f,0f,0.2215f,-0.9751f,0.6082f,0f,0f,0f,1f],start_interpolation: 0,interpolation_duration: 1}
$data merge entity $(bone_main_head) {transformation: [-1f,0f,0f,0f,0f,0.986f,0.1668f,-0.328f,0f,0.1668f,-0.986f,0.0025f,0f,0f,0f,1f],start_interpolation: 0,interpolation_duration: 1}