# This file was generated by Animated Java via MC-Build. It is not recommended to edit this file directly.
$data merge entity $(bone_body) {transformation: [-1f,0f,0f,0f,0f,0.9982f,0.0593f,0.3125f,0f,0.0593f,-0.9982f,0f,0f,0f,0f,1f],start_interpolation: 0,interpolation_duration: 1}
$data merge entity $(bone_left) {transformation: [-1f,0f,0f,0f,0f,0.9996f,0.0297f,0f,0f,0.0297f,-0.9996f,-0.125f,0f,0f,0f,1f],start_interpolation: 0,interpolation_duration: 1}
$data merge entity $(bone_right) {transformation: [-1f,0f,0f,0f,0f,0.9996f,0.0297f,0f,0f,0.0297f,-0.9996f,-0.125f,0f,0f,0f,1f],start_interpolation: 0,interpolation_duration: 1}
$data merge entity $(bone_right2) {transformation: [-1f,0f,0f,0f,0f,0.9996f,-0.0297f,0f,0f,-0.0297f,-0.9996f,0.125f,0f,0f,0f,1f],start_interpolation: 0,interpolation_duration: 1}
$data merge entity $(bone_left2) {transformation: [-1f,0f,0f,0f,0f,0.9996f,-0.0297f,0f,0f,-0.0297f,-0.9996f,0.125f,0f,0f,0f,1f],start_interpolation: 0,interpolation_duration: 1}
$data merge entity $(bone_top_mouth2) {transformation: [-1f,0f,0f,0f,0f,0.993f,0.1184f,-0.6872f,0f,0.1184f,-0.993f,0.7108f,0f,0f,0f,1f],start_interpolation: 0,interpolation_duration: 1}
$data merge entity $(bone_top_mouth) {transformation: [-1.0833f,0f,0f,0f,0f,1.0757f,0.1283f,-0.6872f,0f,0.1283f,-1.0757f,0.7108f,0f,0f,0f,1f],start_interpolation: 0,interpolation_duration: 1}
$data merge entity $(bone_bottom_mouth) {transformation: [-1f,0f,0f,0f,0f,0.972f,0.2351f,-0.3889f,0f,0.2351f,-0.972f,0.5917f,0f,0f,0f,1f],start_interpolation: 0,interpolation_duration: 1}
$data merge entity $(bone_main_head) {transformation: [-1f,0f,0f,0f,0f,0.9842f,0.1771f,-0.324f,0f,0.1771f,-0.9842f,-0.0088f,0f,0f,0f,1f],start_interpolation: 0,interpolation_duration: 1}