# This file was generated by Animated Java via MC-Build. It is not recommended to edit this file directly.
$data merge entity $(bone_body) {transformation: [-1f,0f,0f,0f,0f,0.9978f,0.0663f,0.3125f,0f,0.0663f,-0.9978f,0f,0f,0f,0f,1f],start_interpolation: 0,interpolation_duration: 1}
$data merge entity $(bone_top_mouth2) {transformation: [-1f,0f,0f,0f,0f,0.9912f,0.1323f,-0.7008f,0f,0.1323f,-0.9912f,0.6894f,0f,0f,0f,1f],start_interpolation: 0,interpolation_duration: 1}
$data merge entity $(bone_top_mouth) {transformation: [-1.0833f,0f,0f,0f,0f,1.0738f,0.1433f,-0.7008f,0f,0.1433f,-1.0738f,0.6894f,0f,0f,0f,1f],start_interpolation: 0,interpolation_duration: 1}
$data merge entity $(bone_bottom_mouth) {transformation: [-1f,0f,0f,0f,0f,0.965f,0.2622f,-0.3863f,0f,0.2622f,-0.965f,0.559f,0f,0f,0f,1f],start_interpolation: 0,interpolation_duration: 1}
$data merge entity $(bone_main_head) {transformation: [-1f,0f,0f,0f,0f,0.9803f,0.1977f,-0.3157f,0f,0.1977f,-0.9803f,-0.0312f,0f,0f,0f,1f],start_interpolation: 0,interpolation_duration: 1}