# This file was generated by Animated Java via MC-Build. It is not recommended to edit this file directly.
$data merge entity $(bone_body) {transformation: [-1f,0f,0f,0f,0f,0.9971f,0.0767f,0.3125f,0f,0.0767f,-0.9971f,0f,0f,0f,0f,1f],start_interpolation: 0,interpolation_duration: 1}
$data merge entity $(bone_top_mouth2) {transformation: [-1f,0f,0f,0f,0f,0.9882f,0.153f,-0.7207f,0f,0.153f,-0.9882f,0.6566f,0f,0f,0f,1f],start_interpolation: 0,interpolation_duration: 1}
$data merge entity $(bone_top_mouth) {transformation: [-1.0833f,0f,0f,0f,0f,1.0706f,0.1657f,-0.7207f,0f,0.1657f,-1.0706f,0.6566f,0f,0f,0f,1f],start_interpolation: 0,interpolation_duration: 1}
$data merge entity $(bone_bottom_mouth) {transformation: [-1f,0f,0f,0f,0f,0.9532f,0.3024f,-0.3808f,0f,0.3024f,-0.9532f,0.5104f,0f,0f,0f,1f],start_interpolation: 0,interpolation_duration: 1}
$data merge entity $(bone_main_head) {transformation: [-1f,0f,0f,0f,0f,0.9736f,0.2284f,-0.3025f,0f,0.2284f,-0.9736f,-0.0644f,0f,0f,0f,1f],start_interpolation: 0,interpolation_duration: 1}