# This file was generated by Animated Java via MC-Build. It is not recommended to edit this file directly.
$data merge entity $(bone_body) {transformation: [-1f,0f,0f,0f,0f,0.9965f,0.0837f,0.3125f,0f,0.0837f,-0.9965f,0f,0f,0f,0f,1f],start_interpolation: 0,interpolation_duration: 1}
$data merge entity $(bone_top_mouth2) {transformation: [-1f,0f,0f,0f,0f,0.986f,0.1668f,-0.7336f,0f,0.1668f,-0.986f,0.6342f,0f,0f,0f,1f],start_interpolation: 0,interpolation_duration: 1}
$data merge entity $(bone_top_mouth) {transformation: [-1.0833f,0f,0f,0f,0f,1.0682f,0.1807f,-0.7336f,0f,0.1807f,-1.0682f,0.6342f,0f,0f,0f,1f],start_interpolation: 0,interpolation_duration: 1}
$data merge entity $(bone_bottom_mouth) {transformation: [-1f,0f,0f,0f,0f,0.9444f,0.3289f,-0.376f,0f,0.3289f,-0.9444f,0.4782f,0f,0f,0f,1f],start_interpolation: 0,interpolation_duration: 1}
$data merge entity $(bone_main_head) {transformation: [-1f,0f,0f,0f,0f,0.9686f,0.2487f,-0.293f,0f,0.2487f,-0.9686f,-0.0864f,0f,0f,0f,1f],start_interpolation: 0,interpolation_duration: 1}