# This file was generated by Animated Java via MC-Build. It is not recommended to edit this file directly.
$data merge entity $(bone_body) {transformation: [-1f,0f,0f,0f,0f,0.9968f,0.0802f,0.3125f,0f,0.0802f,-0.9968f,0f,0f,0f,0f,1f],start_interpolation: 0,interpolation_duration: 1}
$data merge entity $(bone_left) {transformation: [-1f,0f,0f,0f,0f,0.9992f,0.0401f,0f,0f,0.0401f,-0.9992f,-0.125f,0f,0f,0f,1f],start_interpolation: 0,interpolation_duration: 1}
$data merge entity $(bone_right) {transformation: [-1f,0f,0f,0f,0f,0.9992f,0.0401f,0f,0f,0.0401f,-0.9992f,-0.125f,0f,0f,0f,1f],start_interpolation: 0,interpolation_duration: 1}
$data merge entity $(bone_right2) {transformation: [-1f,0f,0f,0f,0f,0.9992f,-0.0401f,0f,0f,-0.0401f,-0.9992f,0.125f,0f,0f,0f,1f],start_interpolation: 0,interpolation_duration: 1}
$data merge entity $(bone_left2) {transformation: [-1f,0f,0f,0f,0f,0.9992f,-0.0401f,0f,0f,-0.0401f,-0.9992f,0.125f,0f,0f,0f,1f],start_interpolation: 0,interpolation_duration: 1}
$data merge entity $(bone_top_mouth2) {transformation: [-1f,0f,0f,0f,0f,0.9871f,0.1599f,-0.7272f,0f,0.1599f,-0.9871f,0.6455f,0f,0f,0f,1f],start_interpolation: 0,interpolation_duration: 1}
$data merge entity $(bone_top_mouth) {transformation: [-1.0833f,0f,0f,0f,0f,1.0694f,0.1732f,-0.7272f,0f,0.1732f,-1.0694f,0.6455f,0f,0f,0f,1f],start_interpolation: 0,interpolation_duration: 1}
$data merge entity $(bone_bottom_mouth) {transformation: [-1f,0f,0f,0f,0f,0.9489f,0.3156f,-0.3785f,0f,0.3156f,-0.9489f,0.4943f,0f,0f,0f,1f],start_interpolation: 0,interpolation_duration: 1}
$data merge entity $(bone_main_head) {transformation: [-1f,0f,0f,0f,0f,0.9711f,0.2385f,-0.2978f,0f,0.2385f,-0.9711f,-0.0754f,0f,0f,0f,1f],start_interpolation: 0,interpolation_duration: 1}