# This file was generated by Animated Java via MC-Build. It is not recommended to edit this file directly.
$data merge entity $(bone_body) {transformation: [-1f,0f,0f,0f,0f,0.9973f,0.0732f,0.3125f,0f,0.0732f,-0.9973f,0f,0f,0f,0f,1f],start_interpolation: 0,interpolation_duration: 1}
$data merge entity $(bone_left) {transformation: [-1f,0f,0f,0f,0f,0.9993f,0.0366f,0f,0f,0.0366f,-0.9993f,-0.125f,0f,0f,0f,1f],start_interpolation: 0,interpolation_duration: 1}
$data merge entity $(bone_right) {transformation: [-1f,0f,0f,0f,0f,0.9993f,0.0366f,0f,0f,0.0366f,-0.9993f,-0.125f,0f,0f,0f,1f],start_interpolation: 0,interpolation_duration: 1}
$data merge entity $(bone_right2) {transformation: [-1f,0f,0f,0f,0f,0.9993f,-0.0366f,0f,0f,-0.0366f,-0.9993f,0.125f,0f,0f,0f,1f],start_interpolation: 0,interpolation_duration: 1}
$data merge entity $(bone_left2) {transformation: [-1f,0f,0f,0f,0f,0.9993f,-0.0366f,0f,0f,-0.0366f,-0.9993f,0.125f,0f,0f,0f,1f],start_interpolation: 0,interpolation_duration: 1}
$data merge entity $(bone_top_mouth2) {transformation: [-1f,0f,0f,0f,0f,0.9893f,0.1461f,-0.7141f,0f,0.1461f,-0.9893f,0.6677f,0f,0f,0f,1f],start_interpolation: 0,interpolation_duration: 1}
$data merge entity $(bone_top_mouth) {transformation: [-1.0833f,0f,0f,0f,0f,1.0717f,0.1583f,-0.7141f,0f,0.1583f,-1.0717f,0.6677f,0f,0f,0f,1f],start_interpolation: 0,interpolation_duration: 1}
$data merge entity $(bone_bottom_mouth) {transformation: [-1f,0f,0f,0f,0f,0.9573f,0.289f,-0.3828f,0f,0.289f,-0.9573f,0.5265f,0f,0f,0f,1f],start_interpolation: 0,interpolation_duration: 1}
$data merge entity $(bone_main_head) {transformation: [-1f,0f,0f,0f,0f,0.9759f,0.2181f,-0.307f,0f,0.2181f,-0.9759f,-0.0534f,0f,0f,0f,1f],start_interpolation: 0,interpolation_duration: 1}