# This file was generated by Animated Java via MC-Build. It is not recommended to edit this file directly.
$data merge entity $(bone_body) {transformation: [-1f,0f,0f,0f,0f,0.9994f,0.0349f,0.3125f,0f,0.0349f,-0.9994f,0f,0f,0f,0f,1f],start_interpolation: 0,interpolation_duration: 1}
$data merge entity $(bone_top_mouth2) {transformation: [-1f,0f,0f,0f,0f,0.9976f,0.0698f,-0.6377f,0f,0.0698f,-0.9976f,0.7822f,0f,0f,0f,1f],start_interpolation: 0,interpolation_duration: 1}
$data merge entity $(bone_top_mouth) {transformation: [-1.0833f,0f,0f,0f,0f,1.0807f,0.0756f,-0.6377f,0f,0.0756f,-1.0807f,0.7822f,0f,0f,0f,1f],start_interpolation: 0,interpolation_duration: 1}
$data merge entity $(bone_bottom_mouth) {transformation: [-1f,0f,0f,0f,0f,0.9903f,0.1392f,-0.391f,0f,0.1392f,-0.9903f,0.7076f,0f,0f,0f,1f],start_interpolation: 0,interpolation_duration: 1}
$data merge entity $(bone_main_head) {transformation: [-1f,0f,0f,0f,0f,0.9945f,0.1045f,-0.3492f,0f,0.1045f,-0.9945f,0.0709f,0f,0f,0f,1f],start_interpolation: 0,interpolation_duration: 1}