# This file was generated by Animated Java via MC-Build. It is not recommended to edit this file directly.
$data merge entity $(bone_body) {transformation: [-1f,0f,0f,0f,0f,0.9998f,0.0175f,0.3125f,0f,0.0175f,-0.9998f,0f,0f,0f,0f,1f],start_interpolation: 0,interpolation_duration: 1}
$data merge entity $(bone_top_mouth2) {transformation: [-1f,0f,0f,0f,0f,0.9994f,0.0349f,-0.6007f,0f,0.0349f,-0.9994f,0.8299f,0f,0f,0f,1f],start_interpolation: 0,interpolation_duration: 1}
$data merge entity $(bone_top_mouth) {transformation: [-1.0833f,0f,0f,0f,0f,1.0827f,0.0378f,-0.6007f,0f,0.0378f,-1.0827f,0.8299f,0f,0f,0f,1f],start_interpolation: 0,interpolation_duration: 1}
$data merge entity $(bone_bottom_mouth) {transformation: [-1f,0f,0f,0f,0f,0.9976f,0.0698f,-0.3858f,0f,0.0698f,-0.9976f,0.7911f,0f,0f,0f,1f],start_interpolation: 0,interpolation_duration: 1}
$data merge entity $(bone_main_head) {transformation: [-1f,0f,0f,0f,0f,0.9986f,0.0523f,-0.3636f,0f,0.0523f,-0.9986f,0.1289f,0f,0f,0f,1f],start_interpolation: 0,interpolation_duration: 1}