# This file was generated by Animated Java via MC-Build. It is not recommended to edit this file directly.
$data merge entity $(bone_body) {transformation: [-1f,0f,0f,0f,0f,0.9998f,0.0209f,0.3125f,0f,0.0209f,-0.9998f,0f,0f,0f,0f,1f],start_interpolation: 0,interpolation_duration: 1}
$data merge entity $(bone_top_mouth2) {transformation: [-1f,0f,0f,0f,0f,0.9991f,0.0419f,-0.6082f,0f,0.0419f,-0.9991f,0.8206f,0f,0f,0f,1f],start_interpolation: 0,interpolation_duration: 1}
$data merge entity $(bone_top_mouth) {transformation: [-1.0833f,0f,0f,0f,0f,1.0824f,0.0454f,-0.6082f,0f,0.0454f,-1.0824f,0.8206f,0f,0f,0f,1f],start_interpolation: 0,interpolation_duration: 1}
$data merge entity $(bone_bottom_mouth) {transformation: [-1f,0f,0f,0f,0f,0.9965f,0.0837f,-0.3873f,0f,0.0837f,-0.9965f,0.7744f,0f,0f,0f,1f],start_interpolation: 0,interpolation_duration: 1}
$data merge entity $(bone_main_head) {transformation: [-1f,0f,0f,0f,0f,0.998f,0.0628f,-0.361f,0f,0.0628f,-0.998f,0.1172f,0f,0f,0f,1f],start_interpolation: 0,interpolation_duration: 1}