# This file was generated by Animated Java via MC-Build. It is not recommended to edit this file directly.
$data merge entity $(bone_body) {transformation: [-1f,0f,0f,0f,0f,0.9997f,0.0244f,0.3125f,0f,0.0244f,-0.9997f,0f,0f,0f,0f,1f],start_interpolation: 0,interpolation_duration: 1}
$data merge entity $(bone_top_mouth2) {transformation: [-1f,0f,0f,0f,0f,0.9988f,0.0488f,-0.6156f,0f,0.0488f,-0.9988f,0.8112f,0f,0f,0f,1f],start_interpolation: 0,interpolation_duration: 1}
$data merge entity $(bone_top_mouth) {transformation: [-1.0833f,0f,0f,0f,0f,1.082f,0.0529f,-0.6156f,0f,0.0529f,-1.082f,0.8112f,0f,0f,0f,1f],start_interpolation: 0,interpolation_duration: 1}
$data merge entity $(bone_bottom_mouth) {transformation: [-1f,0f,0f,0f,0f,0.9952f,0.0976f,-0.3886f,0f,0.0976f,-0.9952f,0.7576f,0f,0f,0f,1f],start_interpolation: 0,interpolation_duration: 1}
$data merge entity $(bone_main_head) {transformation: [-1f,0f,0f,0f,0f,0.9973f,0.0732f,-0.3582f,0f,0.0732f,-0.9973f,0.1056f,0f,0f,0f,1f],start_interpolation: 0,interpolation_duration: 1}