# This file was generated by Animated Java via MC-Build. It is not recommended to edit this file directly.
$data merge entity $(bone_body) {transformation: [-1f,0f,0f,0f,0f,0.9995f,0.0314f,0.3125f,0f,0.0314f,-0.9995f,0f,0f,0f,0f,1f],start_interpolation: 0,interpolation_duration: 1}
$data merge entity $(bone_top_mouth2) {transformation: [-1f,0f,0f,0f,0f,0.998f,0.0628f,-0.6304f,0f,0.0628f,-0.998f,0.7919f,0f,0f,0f,1f],start_interpolation: 0,interpolation_duration: 1}
$data merge entity $(bone_top_mouth) {transformation: [-1.0833f,0f,0f,0f,0f,1.0812f,0.068f,-0.6304f,0f,0.068f,-1.0812f,0.7919f,0f,0f,0f,1f],start_interpolation: 0,interpolation_duration: 1}
$data merge entity $(bone_bottom_mouth) {transformation: [-1f,0f,0f,0f,0f,0.9921f,0.1253f,-0.3904f,0f,0.1253f,-0.9921f,0.7242f,0f,0f,0f,1f],start_interpolation: 0,interpolation_duration: 1}
$data merge entity $(bone_main_head) {transformation: [-1f,0f,0f,0f,0f,0.9956f,0.0941f,-0.3524f,0f,0.0941f,-0.9956f,0.0825f,0f,0f,0f,1f],start_interpolation: 0,interpolation_duration: 1}