# This file was generated by Animated Java via MC-Build. It is not recommended to edit this file directly.
$data merge entity $(bone_body) {transformation: [-1f,0f,0f,0f,0f,0.9848f,0.1736f,0.175f,0f,0.1736f,-0.9848f,-0.05f,0f,0f,0f,1f],start_interpolation: 0,interpolation_duration: 1}
$data merge entity $(bone_left) {transformation: [-1f,0f,0f,0f,0f,0.9336f,0.3584f,0.15f,0f,0.3584f,-0.9336f,-0.225f,0f,0f,0f,1f],start_interpolation: 0,interpolation_duration: 1}
$data merge entity $(bone_right) {transformation: [-1f,0f,0f,0f,0f,0.9336f,0.3584f,0.15f,0f,0.3584f,-0.9336f,-0.225f,0f,0f,0f,1f],start_interpolation: 0,interpolation_duration: 1}
$data merge entity $(bone_right2) {transformation: [-1f,0f,0f,0f,0f,0.9903f,-0.1392f,-0.05f,0f,-0.1392f,-0.9903f,0.075f,0f,0f,0f,1f],start_interpolation: 0,interpolation_duration: 1}
$data merge entity $(bone_left2) {transformation: [-1f,0f,0f,0f,0f,0.9903f,-0.1392f,-0.05f,0f,-0.1392f,-0.9903f,0.075f,0f,0f,0f,1f],start_interpolation: 0,interpolation_duration: 1}
$data merge entity $(bone_top_mouth2) {transformation: [-1f,0f,0f,0f,0f,0.9848f,0.1736f,-0.61f,0f,0.1736f,-0.9848f,-0.9251f,0f,0f,0f,1f],start_interpolation: 0,interpolation_duration: 1}
$data merge entity $(bone_top_mouth) {transformation: [-1.0833f,0f,0f,0f,0f,1.0669f,0.1881f,-0.61f,0f,0.1881f,-1.0669f,-0.9251f,0f,0f,0f,1f],start_interpolation: 0,interpolation_duration: 1}
$data merge entity $(bone_bottom_mouth) {transformation: [-1f,0f,0f,0f,0f,0.9848f,0.1736f,-0.4253f,0f,0.1736f,-0.9848f,-0.8925f,0f,0f,0f,1f],start_interpolation: 0,interpolation_duration: 1}
$data merge entity $(bone_main_head) {transformation: [-1f,0f,0f,0f,0f,0.9848f,0.1736f,-0.4253f,0f,0.1736f,-0.9848f,-0.8925f,0f,0f,0f,1f],start_interpolation: 0,interpolation_duration: 1}