# This file was generated by Animated Java via MC-Build. It is not recommended to edit this file directly.
$data merge entity $(bone_body) {transformation: [-1f,0f,0f,0f,0f,0.9397f,-0.342f,0.3f,0f,-0.342f,-0.9397f,0.1f,0f,0f,0f,1f],start_interpolation: 0,interpolation_duration: 1}
$data merge entity $(bone_left) {transformation: [-1f,0f,0f,0f,0f,0.9135f,0.4067f,-0.15f,0f,0.4067f,-0.9135f,-0.25f,0f,0f,0f,1f],start_interpolation: 0,interpolation_duration: 1}
$data merge entity $(bone_right) {transformation: [-1f,0f,0f,0f,0f,0.9135f,0.4067f,-0.15f,0f,0.4067f,-0.9135f,-0.25f,0f,0f,0f,1f],start_interpolation: 0,interpolation_duration: 1}
$data merge entity $(bone_right2) {transformation: [-1f,0f,0f,0f,0f,0.6691f,-0.7431f,0.2f,0f,-0.7431f,-0.6691f,0.5f,0f,0f,0f,1f],start_interpolation: 0,interpolation_duration: 1}
$data merge entity $(bone_left2) {transformation: [-1f,0f,0f,0f,0f,0.6691f,-0.7431f,0.2f,0f,-0.7431f,-0.6691f,0.5f,0f,0f,0f,1f],start_interpolation: 0,interpolation_duration: 1}
$data merge entity $(bone_top_mouth2) {transformation: [-1f,0f,0f,0f,0f,0.9397f,-0.342f,-0.8725f,0f,-0.342f,-0.9397f,-0.2898f,0f,0f,0f,1f],start_interpolation: 0,interpolation_duration: 1}
$data merge entity $(bone_top_mouth) {transformation: [-1.0833f,0f,0f,0f,0f,1.018f,-0.3705f,-0.8725f,0f,-0.3705f,-1.018f,-0.2898f,0f,0f,0f,1f],start_interpolation: 0,interpolation_duration: 1}
$data merge entity $(bone_bottom_mouth) {transformation: [-1f,0f,0f,0f,0f,0.9397f,-0.342f,-0.6963f,0f,-0.342f,-0.9397f,-0.3539f,0f,0f,0f,1f],start_interpolation: 0,interpolation_duration: 1}
$data merge entity $(bone_main_head) {transformation: [-1f,0f,0f,0f,0f,0.9397f,-0.342f,-0.6963f,0f,-0.342f,-0.9397f,-0.3539f,0f,0f,0f,1f],start_interpolation: 0,interpolation_duration: 1}