# This file was generated by Animated Java via MC-Build. It is not recommended to edit this file directly.
$data merge entity $(bone_body) {transformation: [-1f,0f,0f,0f,0f,0.9063f,-0.4226f,0.375f,0f,-0.4226f,-0.9063f,0.125f,0f,0f,0f,1f],start_interpolation: 0,interpolation_duration: 1}
$data merge entity $(bone_left) {transformation: [-1f,0f,0f,0f,0f,0.866f,0.5f,-0.1875f,0f,0.5f,-0.866f,-0.3125f,0f,0f,0f,1f],start_interpolation: 0,interpolation_duration: 1}
$data merge entity $(bone_right) {transformation: [-1f,0f,0f,0f,0f,0.866f,0.5f,-0.1875f,0f,0.5f,-0.866f,-0.3125f,0f,0f,0f,1f],start_interpolation: 0,interpolation_duration: 1}
$data merge entity $(bone_right2) {transformation: [-1f,0f,0f,0f,0f,0.5f,-0.866f,0.25f,0f,-0.866f,-0.5f,0.625f,0f,0f,0f,1f],start_interpolation: 0,interpolation_duration: 1}
$data merge entity $(bone_left2) {transformation: [-1f,0f,0f,0f,0f,0.5f,-0.866f,0.25f,0f,-0.866f,-0.5f,0.625f,0f,0f,0f,1f],start_interpolation: 0,interpolation_duration: 1}
$data merge entity $(bone_top_mouth2) {transformation: [-1f,0f,0f,0f,0f,0.9063f,-0.4226f,-0.8313f,0f,-0.4226f,-0.9063f,-0.1777f,0f,0f,0f,1f],start_interpolation: 0,interpolation_duration: 1}
$data merge entity $(bone_top_mouth) {transformation: [-1.0833f,0f,0f,0f,0f,0.9818f,-0.4578f,-0.8313f,0f,-0.4578f,-0.9818f,-0.1777f,0f,0f,0f,1f],start_interpolation: 0,interpolation_duration: 1}
$data merge entity $(bone_bottom_mouth) {transformation: [-1f,0f,0f,0f,0f,0.9063f,-0.4226f,-0.6613f,0f,-0.4226f,-0.9063f,-0.257f,0f,0f,0f,1f],start_interpolation: 0,interpolation_duration: 1}
$data merge entity $(bone_main_head) {transformation: [-1f,0f,0f,0f,0f,0.9063f,-0.4226f,-0.6613f,0f,-0.4226f,-0.9063f,-0.257f,0f,0f,0f,1f],start_interpolation: 0,interpolation_duration: 1}