# This file was generated by Animated Java via MC-Build. It is not recommended to edit this file directly.
$data merge entity $(bone_body) {transformation: [-1f,0f,0f,0f,0f,0.9659f,-0.2588f,0.3875f,0f,-0.2588f,-0.9659f,0.075f,0f,0f,0f,1f],start_interpolation: 0,interpolation_duration: 1}
$data merge entity $(bone_left) {transformation: [-1f,0f,0f,0f,0f,0.8241f,0.5664f,-0.075f,0f,0.5664f,-0.8241f,-0.3625f,0f,0f,0f,1f],start_interpolation: 0,interpolation_duration: 1}
$data merge entity $(bone_right) {transformation: [-1f,0f,0f,0f,0f,0.8241f,0.5664f,-0.075f,0f,0.5664f,-0.8241f,-0.3625f,0f,0f,0f,1f],start_interpolation: 0,interpolation_duration: 1}
$data merge entity $(bone_right2) {transformation: [-1f,0f,0f,0f,0f,0.6157f,-0.788f,0.175f,0f,-0.788f,-0.6157f,0.5375f,0f,0f,0f,1f],start_interpolation: 0,interpolation_duration: 1}
$data merge entity $(bone_left2) {transformation: [-1f,0f,0f,0f,0f,0.6157f,-0.788f,0.175f,0f,-0.788f,-0.6157f,0.5375f,0f,0f,0f,1f],start_interpolation: 0,interpolation_duration: 1}
$data merge entity $(bone_top_mouth2) {transformation: [-1f,0f,0f,0f,0f,0.9659f,-0.2588f,-0.7538f,0f,-0.2588f,-0.9659f,-0.3789f,0f,0f,0f,1f],start_interpolation: 0,interpolation_duration: 1}
$data merge entity $(bone_top_mouth) {transformation: [-1.0833f,0f,0f,0f,0f,1.0464f,-0.2804f,-0.7538f,0f,-0.2804f,-1.0464f,-0.3789f,0f,0f,0f,1f],start_interpolation: 0,interpolation_duration: 1}
$data merge entity $(bone_bottom_mouth) {transformation: [-1f,0f,0f,0f,0f,0.9659f,-0.2588f,-0.5727f,0f,-0.2588f,-0.9659f,-0.4274f,0f,0f,0f,1f],start_interpolation: 0,interpolation_duration: 1}
$data merge entity $(bone_main_head) {transformation: [-1f,0f,0f,0f,0f,0.9659f,-0.2588f,-0.5727f,0f,-0.2588f,-0.9659f,-0.4274f,0f,0f,0f,1f],start_interpolation: 0,interpolation_duration: 1}